# Iteration	 Mean acceptance fraction	 Processing Time
	0	 0.000000e+00			 0.000000e+00	 
	100	 8.072500e-02			 1.251087e+02	 
	200	 7.590000e-02			 2.500768e+02	 
	300	 6.910833e-02			 3.759414e+02	 
	400	 6.432500e-02			 5.012985e+02	 
	500	 6.082000e-02			 6.266145e+02	 
	600	 5.767917e-02			 7.540557e+02	 
	700	 5.501429e-02			 8.807891e+02	 
	800	 5.297188e-02			 1.007467e+03	 
	900	 5.132778e-02			 1.134779e+03	 
	1000	 4.961000e-02			 1.260940e+03	 
	1100	 4.832500e-02			 1.388281e+03	 
	1200	 4.701250e-02			 1.516131e+03	 
	1300	 4.580962e-02			 1.643449e+03	 
	1400	 4.472321e-02			 1.771566e+03	 
	1500	 4.380500e-02			 1.899815e+03	 
	1600	 4.283281e-02			 2.027589e+03	 
	1700	 4.199853e-02			 2.155927e+03	 
	1800	 4.111389e-02			 2.283762e+03	 
	1900	 4.031842e-02			 2.411135e+03	 
	2000	 3.961000e-02			 2.539401e+03	 
	2100	 3.900119e-02			 2.669609e+03	 
	2200	 3.839545e-02			 2.799563e+03	 
	2300	 3.783696e-02			 2.930735e+03	 
	2400	 3.725625e-02			 3.061173e+03	 
	2500	 3.672400e-02			 3.191310e+03	 
	2600	 3.627596e-02			 3.321359e+03	 
	2700	 3.578241e-02			 3.450980e+03	 
	2800	 3.537411e-02			 3.580603e+03	 
	2900	 3.493190e-02			 3.709927e+03	 
	3000	 3.454917e-02			 3.840110e+03	 
	3100	 3.416613e-02			 3.970666e+03	 
	3200	 3.386719e-02			 4.100979e+03	 
	3300	 3.351667e-02			 4.231016e+03	 
	3400	 3.316691e-02			 4.362071e+03	 
	3500	 3.283786e-02			 4.493275e+03	 
	3600	 3.246528e-02			 4.628210e+03	 
	3700	 3.213041e-02			 4.764210e+03	 
	3800	 3.180526e-02			 4.895757e+03	 
	3900	 3.149423e-02			 5.026968e+03	 
	4000	 3.119750e-02			 5.158124e+03	 
	4100	 3.091585e-02			 5.292685e+03	 
	4200	 3.064762e-02			 5.428696e+03	 
	4300	 3.035988e-02			 5.564581e+03	 
	4400	 3.015227e-02			 5.700243e+03	 
	4500	 2.994500e-02			 5.835594e+03	 
	4600	 2.971033e-02			 5.971074e+03	 
	4700	 2.947660e-02			 6.106462e+03	 
	4800	 2.923281e-02			 6.241641e+03	 
	4900	 2.902398e-02			 6.377063e+03	 
	5000	 2.883500e-02			 6.511876e+03	 
	5100	 2.864314e-02			 6.650324e+03	 
	5200	 2.845962e-02			 6.785801e+03	 
	5300	 2.827594e-02			 6.922358e+03	 
	5400	 2.809907e-02			 7.058573e+03	 
	5500	 2.792818e-02			 7.194503e+03	 
	5600	 2.777411e-02			 7.330821e+03	 
	5700	 2.760570e-02			 7.467332e+03	 
	5800	 2.746897e-02			 7.604695e+03	 
	5900	 2.731653e-02			 7.741705e+03	 
	6000	 2.717417e-02			 7.878084e+03	 
	6100	 2.701434e-02			 8.016499e+03	 
	6200	 2.688508e-02			 8.155496e+03	 
	6300	 2.675159e-02			 8.293977e+03	 
	6400	 2.663320e-02			 8.433268e+03	 
	6500	 2.651385e-02			 8.573107e+03	 
	6600	 2.640720e-02			 8.710689e+03	 
	6700	 2.629739e-02			 8.847424e+03	 
	6800	 2.619265e-02			 8.984073e+03	 
	6900	 2.607572e-02			 9.120515e+03	 
	7000	 2.597071e-02			 9.257173e+03	 
	7100	 2.586655e-02			 9.393097e+03	 
	7200	 2.576458e-02			 9.529880e+03	 
	7300	 2.564384e-02			 9.666876e+03	 
	7400	 2.553108e-02			 9.804175e+03	 
	7500	 2.542533e-02			 9.941508e+03	 
	7600	 2.533783e-02			 1.007958e+04	 
	7700	 2.523994e-02			 1.021699e+04	 
	7800	 2.512981e-02			 1.035391e+04	 
	7900	 2.503797e-02			 1.049198e+04	 
	8000	 2.495375e-02			 1.062967e+04	 
	8100	 2.486636e-02			 1.076784e+04	 
	8200	 2.477226e-02			 1.091240e+04	 
	8300	 2.469940e-02			 1.105834e+04	 
	8400	 2.461012e-02			 1.120790e+04	 
	8500	 2.453882e-02			 1.135730e+04	 
	8600	 2.445756e-02			 1.150796e+04	 
	8700	 2.438822e-02			 1.165425e+04	 
	8800	 2.430824e-02			 1.180345e+04	 
	8900	 2.422725e-02			 1.195318e+04	 
	9000	 2.415333e-02			 1.210276e+04	 
	9100	 2.407225e-02			 1.225257e+04	 
	9200	 2.400082e-02			 1.240437e+04	 
	9300	 2.393817e-02			 1.255452e+04	 
	9400	 2.386436e-02			 1.270403e+04	 
	9500	 2.379842e-02			 1.285324e+04	 
	9600	 2.372969e-02			 1.300147e+04	 
	9700	 2.365696e-02			 1.314647e+04	 
	9800	 2.358495e-02			 1.329327e+04	 
	9900	 2.351490e-02			 1.344702e+04	 
	10000	 2.344825e-02			 1.359234e+04	 
	10100	 2.338490e-02			 1.374114e+04	 
	10200	 2.331201e-02			 1.388778e+04	 
	10300	 2.324223e-02			 1.403303e+04	 
	10400	 2.317885e-02			 1.417880e+04	 
	10500	 2.312262e-02			 1.432415e+04	 
	10600	 2.304811e-02			 1.447511e+04	 
	10700	 2.298972e-02			 1.462076e+04	 
	10800	 2.293472e-02			 1.476680e+04	 
	10900	 2.288303e-02			 1.491594e+04	 
	11000	 2.282795e-02			 1.506278e+04	 
	11100	 2.277973e-02			 1.520935e+04	 
	11200	 2.272478e-02			 1.535525e+04	 
	11300	 2.267522e-02			 1.550015e+04	 
	11400	 2.262127e-02			 1.564666e+04	 
	11500	 2.257174e-02			 1.579242e+04	 
	11600	 2.253060e-02			 1.593847e+04	 
	11700	 2.248291e-02			 1.608454e+04	 
	11800	 2.243157e-02			 1.622946e+04	 
	11900	 2.238004e-02			 1.637445e+04	 
	12000	 2.232979e-02			 1.652088e+04	 
	12100	 2.228347e-02			 1.666627e+04	 
	12200	 2.223607e-02			 1.681214e+04	 
	12300	 2.218760e-02			 1.695745e+04	 
	12400	 2.214476e-02			 1.710270e+04	 
	12500	 2.209860e-02			 1.724905e+04	 
	12600	 2.206687e-02			 1.739460e+04	 
	12700	 2.202520e-02			 1.754188e+04	 
	12800	 2.198262e-02			 1.768873e+04	 
	12900	 2.194380e-02			 1.783460e+04	 
	13000	 2.189673e-02			 1.798110e+04	 
	13100	 2.185496e-02			 1.812601e+04	 
	13200	 2.180682e-02			 1.827155e+04	 
	13300	 2.175432e-02			 1.841812e+04	 
	13400	 2.171847e-02			 1.856508e+04	 
	13500	 2.167759e-02			 1.871229e+04	 
	13600	 2.163290e-02			 1.885891e+04	 
	13700	 2.158978e-02			 1.900517e+04	 
	13800	 2.155000e-02			 1.915283e+04	 
	13900	 2.151996e-02			 1.929975e+04	 
	14000	 2.147732e-02			 1.944693e+04	 
	14100	 2.144273e-02			 1.959449e+04	 
	14200	 2.140651e-02			 1.974237e+04	 
	14300	 2.136923e-02			 1.988924e+04	 
	14400	 2.132865e-02			 2.003549e+04	 
	14500	 2.129103e-02			 2.018175e+04	 
	14600	 2.125223e-02			 2.032915e+04	 
	14700	 2.121293e-02			 2.047634e+04	 
	14800	 2.117534e-02			 2.062351e+04	 
	14900	 2.113339e-02			 2.076988e+04	 
	15000	 2.109850e-02			 2.091549e+04	 
	15100	 2.106060e-02			 2.106257e+04	 
	15200	 2.102122e-02			 2.121012e+04	 
	15300	 2.098399e-02			 2.135687e+04	 
	15400	 2.094692e-02			 2.150308e+04	 
	15500	 2.091242e-02			 2.165057e+04	 
	15600	 2.088029e-02			 2.179769e+04	 
	15700	 2.084984e-02			 2.194397e+04	 
	15800	 2.081930e-02			 2.209035e+04	 
	15900	 2.078616e-02			 2.223702e+04	 
	16000	 2.075781e-02			 2.238310e+04	 
	16100	 2.073463e-02			 2.253084e+04	 
	16200	 2.070309e-02			 2.267785e+04	 
	16300	 2.067715e-02			 2.282580e+04	 
	16400	 2.065107e-02			 2.298735e+04	 
	16500	 2.062439e-02			 2.314813e+04	 
	16600	 2.059488e-02			 2.331001e+04	 
	16700	 2.057036e-02			 2.347116e+04	 
	16800	 2.054360e-02			 2.363280e+04	 
	16900	 2.051997e-02			 2.379601e+04	 
	17000	 2.049265e-02			 2.395732e+04	 
	17100	 2.047632e-02			 2.411790e+04	 
	17200	 2.045102e-02			 2.427920e+04	 
	17300	 2.042312e-02			 2.444090e+04	 
	17400	 2.039095e-02			 2.460484e+04	 
	17500	 2.036700e-02			 2.476659e+04	 
	17600	 2.034332e-02			 2.492780e+04	 
	17700	 2.032260e-02			 2.508932e+04	 
	17800	 2.030014e-02			 2.525125e+04	 
	17900	 2.027458e-02			 2.541224e+04	 
	18000	 2.025056e-02			 2.557707e+04	 
	18100	 2.023122e-02			 2.574057e+04	 
	18200	 2.020453e-02			 2.590250e+04	 
	18300	 2.018156e-02			 2.606342e+04	 
	18400	 2.016087e-02			 2.622423e+04	 
	18500	 2.013473e-02			 2.638906e+04	 
	18600	 2.011438e-02			 2.655072e+04	 
	18700	 2.009679e-02			 2.671423e+04	 
	18800	 2.007074e-02			 2.687588e+04	 
	18900	 2.004881e-02			 2.704036e+04	 
	19000	 2.002500e-02			 2.720333e+04	 
	19100	 2.000236e-02			 2.736581e+04	 
	19200	 1.998125e-02			 2.752857e+04	 
	19300	 1.996308e-02			 2.769053e+04	 
	19400	 1.994807e-02			 2.785457e+04	 
	19500	 1.992962e-02			 2.801645e+04	 
	19600	 1.990880e-02			 2.817941e+04	 
	19700	 1.988832e-02			 2.834165e+04	 
	19800	 1.986768e-02			 2.850648e+04	 
	19900	 1.985088e-02			 2.866834e+04	 
	20000	 1.983525e-02			 2.883047e+04	 
	20100	 1.981953e-02			 2.899415e+04	 
	20200	 1.980606e-02			 2.915846e+04	 
	20300	 1.979778e-02			 2.932132e+04	 
	20400	 1.978358e-02			 2.948350e+04	 
	20500	 1.977049e-02			 2.964649e+04	 
	20600	 1.975267e-02			 2.981438e+04	 
	20700	 1.973357e-02			 2.997771e+04	 
	20800	 1.972019e-02			 3.014204e+04	 
	20900	 1.970837e-02			 3.030477e+04	 
	21000	 1.969238e-02			 3.047298e+04	 
	21100	 1.968092e-02			 3.064089e+04	 
	21200	 1.966922e-02			 3.081289e+04	 
	21300	 1.965810e-02			 3.097446e+04	 
	21400	 1.964252e-02			 3.113901e+04	 
	21500	 1.962872e-02			 3.130759e+04	 
	21600	 1.961215e-02			 3.147601e+04	 
	21700	 1.959378e-02			 3.164029e+04	 
	21800	 1.957110e-02			 3.180402e+04	 
	21900	 1.955479e-02			 3.196825e+04	 
	22000	 1.954455e-02			 3.213253e+04	 
	22100	 1.952896e-02			 3.230204e+04	 
	22200	 1.951227e-02			 3.247044e+04	 
	22300	 1.949395e-02			 3.263860e+04	 
	22400	 1.947612e-02			 3.280360e+04	 
	22500	 1.945800e-02			 3.296877e+04	 
	22600	 1.944181e-02			 3.313326e+04	 
	22700	 1.943084e-02			 3.330161e+04	 
	22800	 1.941316e-02			 3.347090e+04	 
	22900	 1.939672e-02			 3.363969e+04	 
	23000	 1.938152e-02			 3.380856e+04	 
	23100	 1.936721e-02			 3.397275e+04	 
	23200	 1.935312e-02			 3.414089e+04	 
	23300	 1.934227e-02			 3.430975e+04	 
	23400	 1.933333e-02			 3.447794e+04	 
	23500	 1.931957e-02			 3.464711e+04	 
	23600	 1.930297e-02			 3.481632e+04	 
	23700	 1.928914e-02			 3.498069e+04	 
	23800	 1.927710e-02			 3.514501e+04	 
	23900	 1.926255e-02			 3.531760e+04	 
	24000	 1.925125e-02			 3.548758e+04	 
	24100	 1.924056e-02			 3.565813e+04	 
	24200	 1.922572e-02			 3.582655e+04	 
	24300	 1.921430e-02			 3.599191e+04	 
	24400	 1.919928e-02			 3.615567e+04	 
	24500	 1.919133e-02			 3.632486e+04	 
	24600	 1.918394e-02			 3.649484e+04	 
	24700	 1.917014e-02			 3.666396e+04	 
	24800	 1.915917e-02			 3.683369e+04	 
	24900	 1.913976e-02			 3.700053e+04	 
	25000	 1.912310e-02			 3.716576e+04	 
	25100	 1.911325e-02			 3.733721e+04	 
	25200	 1.910298e-02			 3.750811e+04	 
	25300	 1.909140e-02			 3.767730e+04	 
	25400	 1.907667e-02			 3.784631e+04	 
	25500	 1.906520e-02			 3.801584e+04	 
	25600	 1.905000e-02			 3.818280e+04	 
	25700	 1.904154e-02			 3.835211e+04	 
	25800	 1.902607e-02			 3.852309e+04	 
	25900	 1.901207e-02			 3.869183e+04	 
	26000	 1.900212e-02			 3.885581e+04	 
	26100	 1.899368e-02			 3.902088e+04	 
	26200	 1.898340e-02			 3.918568e+04	 
	26300	 1.897262e-02			 3.935798e+04	 
	26400	 1.896373e-02			 3.952806e+04	 
	26500	 1.895689e-02			 3.969574e+04	 
	26600	 1.895235e-02			 3.986479e+04	 
	26700	 1.894110e-02			 4.002959e+04	 
	26800	 1.892724e-02			 4.019514e+04	 
	26900	 1.891413e-02			 4.036476e+04	 
	27000	 1.890481e-02			 4.053458e+04	 
	27100	 1.889456e-02			 4.070261e+04	 
	27200	 1.888631e-02			 4.087321e+04	 
	27300	 1.887958e-02			 4.103869e+04	 
	27400	 1.887372e-02			 4.120415e+04	 
	27500	 1.886245e-02			 4.137396e+04	 
	27600	 1.885127e-02			 4.154508e+04	 
	27700	 1.884341e-02			 4.171423e+04	 
	27800	 1.883426e-02			 4.188501e+04	 
	27900	 1.882679e-02			 4.205258e+04	 
	28000	 1.881741e-02			 4.221755e+04	 
	28100	 1.880961e-02			 4.238816e+04	 
	28200	 1.880222e-02			 4.255831e+04	 
	28300	 1.879673e-02			 4.273073e+04	 
	28400	 1.878856e-02			 4.290064e+04	 
	28500	 1.877807e-02			 4.307097e+04	 
	28600	 1.876827e-02			 4.323644e+04	 
	28700	 1.875462e-02			 4.340875e+04	 
	28800	 1.874531e-02			 4.357829e+04	 
	28900	 1.873460e-02			 4.375217e+04	 
	29000	 1.872621e-02			 4.392121e+04	 
	29100	 1.871684e-02			 4.409141e+04	 
	29200	 1.870873e-02			 4.425964e+04	 
	29300	 1.869753e-02			 4.443429e+04	 
	29400	 1.868724e-02			 4.460496e+04	 
	29500	 1.867805e-02			 4.477175e+04	 
	29600	 1.866664e-02			 4.493763e+04	 
	29700	 1.865850e-02			 4.510363e+04	 
	29800	 1.865168e-02			 4.527303e+04	 
	29900	 1.864540e-02			 4.544299e+04	 
	30000	 1.863617e-02			 4.561606e+04	 
	30100	 1.862890e-02			 4.578375e+04	 
	30200	 1.862301e-02			 4.595677e+04	 
	30300	 1.861427e-02			 4.612314e+04	 
	30400	 1.860502e-02			 4.629381e+04	 
	30500	 1.860107e-02			 4.646485e+04	 
	30600	 1.859265e-02			 4.663528e+04	 
	30700	 1.858884e-02			 4.680587e+04	 
	30800	 1.858295e-02			 4.697285e+04	 
	30900	 1.857613e-02			 4.714199e+04	 
	31000	 1.857105e-02			 4.731231e+04	 
	31100	 1.856584e-02			 4.748888e+04	 
	31200	 1.856346e-02			 4.766378e+04	 
	31300	 1.855559e-02			 4.784076e+04	 
	31400	 1.854697e-02			 4.801263e+04	 
	31500	 1.854071e-02			 4.817995e+04	 
	31600	 1.853078e-02			 4.834886e+04	 
	31700	 1.852303e-02			 4.851788e+04	 
	31800	 1.851557e-02			 4.868944e+04	 
	31900	 1.850886e-02			 4.885904e+04	 
	32000	 1.850039e-02			 4.903174e+04	 
	32100	 1.849603e-02			 4.919924e+04	 
	32200	 1.849379e-02			 4.936731e+04	 
	32300	 1.848932e-02			 4.953325e+04	 
	32400	 1.848017e-02			 4.970406e+04	 
	32500	 1.847623e-02			 4.987391e+04	 
	32600	 1.847201e-02			 5.004422e+04	 
	32700	 1.846896e-02			 5.021420e+04	 
	32800	 1.846181e-02			 5.041621e+04	 
	32900	 1.845767e-02			 5.062752e+04	 
	33000	 1.845432e-02			 5.084388e+04	 
	33100	 1.845038e-02			 5.105626e+04	 
	33200	 1.844526e-02			 5.126797e+04	 
	33300	 1.844354e-02			 5.147919e+04	 
	33400	 1.844094e-02			 5.168994e+04	 
	33500	 1.843612e-02			 5.190058e+04	 
	33600	 1.843088e-02			 5.211638e+04	 
	33700	 1.842611e-02			 5.233308e+04	 
	33800	 1.841893e-02			 5.255237e+04	 
	33900	 1.841740e-02			 5.276766e+04	 
	34000	 1.841353e-02			 5.298302e+04	 
	34100	 1.841085e-02			 5.319752e+04	 
	34200	 1.840563e-02			 5.341207e+04	 
	34300	 1.839978e-02			 5.362739e+04	 
	34400	 1.839404e-02			 5.384278e+04	 
	34500	 1.838775e-02			 5.405686e+04	 
	34600	 1.838244e-02			 5.427261e+04	 
	34700	 1.837767e-02			 5.448669e+04	 
	34800	 1.837615e-02			 5.470261e+04	 
	34900	 1.837163e-02			 5.492015e+04	 
	35000	 1.836843e-02			 5.513481e+04	 
	35100	 1.836852e-02			 5.534731e+04	 
	35200	 1.836222e-02			 5.556275e+04	 
	35300	 1.835637e-02			 5.577770e+04	 
	35400	 1.835353e-02			 5.599333e+04	 
	35500	 1.835014e-02			 5.621032e+04	 
	35600	 1.834628e-02			 5.642714e+04	 
	35700	 1.833999e-02			 5.664671e+04	 
	35800	 1.833561e-02			 5.685935e+04	 
	35900	 1.833252e-02			 5.707522e+04	 
	36000	 1.833208e-02			 5.729092e+04	 
	36100	 1.833186e-02			 5.750690e+04	 
	36200	 1.832866e-02			 5.772159e+04	 
	36300	 1.832569e-02			 5.793639e+04	 
	36400	 1.832218e-02			 5.815300e+04	 
	36500	 1.831884e-02			 5.837040e+04	 
	36600	 1.831564e-02			 5.858721e+04	 
	36700	 1.831431e-02			 5.880361e+04	 
	36800	 1.831005e-02			 5.901985e+04	 
	36900	 1.830806e-02			 5.923658e+04	 
	37000	 1.830419e-02			 5.945226e+04	 
	37100	 1.829865e-02			 5.967260e+04	 
	37200	 1.829462e-02			 5.988832e+04	 
	37300	 1.828975e-02			 6.010383e+04	 
	37400	 1.828436e-02			 6.031958e+04	 
	37500	 1.828227e-02			 6.053679e+04	 
	37600	 1.827507e-02			 6.075314e+04	 
	37700	 1.826903e-02			 6.096919e+04	 
	37800	 1.826442e-02			 6.118411e+04	 
	37900	 1.826075e-02			 6.140048e+04	 
	38000	 1.825763e-02			 6.162077e+04	 
	38100	 1.825315e-02			 6.183741e+04	 
	38200	 1.825092e-02			 6.205452e+04	 
	38300	 1.824883e-02			 6.227027e+04	 
	38400	 1.824525e-02			 6.248644e+04	 
	38500	 1.824065e-02			 6.269984e+04	 
	38600	 1.824184e-02			 6.291790e+04	 
	38700	 1.823417e-02			 6.313532e+04	 
	38800	 1.823531e-02			 6.335224e+04	 
	38900	 1.823522e-02			 6.356966e+04	 
	39000	 1.823487e-02			 6.378758e+04	 
	39100	 1.823018e-02			 6.400556e+04	 
	39200	 1.822608e-02			 6.422243e+04	 
	39300	 1.822176e-02			 6.444031e+04	 
	39400	 1.821681e-02			 6.465707e+04	 
	39500	 1.821924e-02			 6.487857e+04	 
	39600	 1.821585e-02			 6.509509e+04	 
	39700	 1.821171e-02			 6.531197e+04	 
	39800	 1.820930e-02			 6.552974e+04	 
	39900	 1.820388e-02			 6.574701e+04	 
	40000	 1.819894e-02			 6.596425e+04	 
	40100	 1.819339e-02			 6.618263e+04	 
	40200	 1.819005e-02			 6.640471e+04	 
	40300	 1.818840e-02			 6.662282e+04	 
	40400	 1.818459e-02			 6.684470e+04	 
	40500	 1.817975e-02			 6.706754e+04	 
	40600	 1.817543e-02			 6.729014e+04	 
	40700	 1.817365e-02			 6.750743e+04	 
	40800	 1.817157e-02			 6.772397e+04	 
	40900	 1.816754e-02			 6.794219e+04	 
	41000	 1.816421e-02			 6.815906e+04	 
	41100	 1.816417e-02			 6.837686e+04	 
	41200	 1.816341e-02			 6.859356e+04	 
	41300	 1.816265e-02			 6.881014e+04	 
	41400	 1.816081e-02			 6.902808e+04	 
	41500	 1.816205e-02			 6.923663e+04	 
	41600	 1.815835e-02			 6.945482e+04	 
	41700	 1.815881e-02			 6.967244e+04	 
	41800	 1.815676e-02			 6.988599e+04	 
	41900	 1.815453e-02			 7.010369e+04	 
	42000	 1.815214e-02			 7.032083e+04	 
	42100	 1.815113e-02			 7.054296e+04	 
	42200	 1.815166e-02			 7.076189e+04	 
	42300	 1.815154e-02			 7.098319e+04	 
	42400	 1.815383e-02			 7.120077e+04	 
	42500	 1.815271e-02			 7.140807e+04	 
	42600	 1.814859e-02			 7.162632e+04	 
	42700	 1.814426e-02			 7.184389e+04	 
	42800	 1.814007e-02			 7.206091e+04	 
	42900	 1.813497e-02			 7.227656e+04	 
	43000	 1.813017e-02			 7.249457e+04	 
	43100	 1.812581e-02			 7.271779e+04	 
	43200	 1.811875e-02			 7.293652e+04	 
	43300	 1.811513e-02			 7.314352e+04	 
	43400	 1.810991e-02			 7.336174e+04	 
	43500	 1.810517e-02			 7.358443e+04	 
	43600	 1.810522e-02			 7.380618e+04	 
	43700	 1.810086e-02			 7.401122e+04	 
	43800	 1.809720e-02			 7.421645e+04	 
	43900	 1.809351e-02			 7.442084e+04	 
	44000	 1.809182e-02			 7.462449e+04	 
	44100	 1.809087e-02			 7.482883e+04	 
	44200	 1.808891e-02			 7.503221e+04	 
	44300	 1.808392e-02			 7.523651e+04	 
	44400	 1.808057e-02			 7.544034e+04	 
	44500	 1.808051e-02			 7.564525e+04	 
	44600	 1.807948e-02			 7.585126e+04	 
	44700	 1.807483e-02			 7.606029e+04	 
	44800	 1.807271e-02			 7.626936e+04	 
	44900	 1.807227e-02			 7.647286e+04	 
	45000	 1.806933e-02			 7.667704e+04	 
	45100	 1.806735e-02			 7.688815e+04	 
	45200	 1.806704e-02			 7.709343e+04	 
	45300	 1.806446e-02			 7.729821e+04	 
	45400	 1.806211e-02			 7.750273e+04	 
	45500	 1.805813e-02			 7.771246e+04	 
	45600	 1.805713e-02			 7.791734e+04	 
	45700	 1.805667e-02			 7.812477e+04	 
	45800	 1.805529e-02			 7.833095e+04	 
	45900	 1.805294e-02			 7.853602e+04	 
	46000	 1.804804e-02			 7.874703e+04	 
	46100	 1.804490e-02			 7.895311e+04	 
	46200	 1.804502e-02			 7.915827e+04	 
	46300	 1.804147e-02			 7.936306e+04	 
	46400	 1.803831e-02			 7.956873e+04	 
	46500	 1.803312e-02			 7.977790e+04	 
	46600	 1.802945e-02			 7.998249e+04	 
	46700	 1.802773e-02			 8.019309e+04	 
	46800	 1.802650e-02			 8.039697e+04	 
	46900	 1.802617e-02			 8.059832e+04	 
	47000	 1.802176e-02			 8.079886e+04	 
	47100	 1.801847e-02			 8.099992e+04	 
	47200	 1.801727e-02			 8.120029e+04	 
	47300	 1.801892e-02			 8.140075e+04	 
	47400	 1.801319e-02			 8.160207e+04	 
	47500	 1.800926e-02			 8.180372e+04	 
	47600	 1.800620e-02			 8.200397e+04	 
	47700	 1.800273e-02			 8.220513e+04	 
	47800	 1.799948e-02			 8.240631e+04	 
	47900	 1.799880e-02			 8.260865e+04	 
	48000	 1.799563e-02			 8.281451e+04	 
	48100	 1.799257e-02			 8.301911e+04	 
	48200	 1.798989e-02			 8.321990e+04	 
	48300	 1.798727e-02			 8.342076e+04	 
	48400	 1.798631e-02			 8.362207e+04	 
	48500	 1.798412e-02			 8.382195e+04	 
	48600	 1.798261e-02			 8.402211e+04	 
	48700	 1.797803e-02			 8.422316e+04	 
	48800	 1.797577e-02			 8.442452e+04	 
	48900	 1.797229e-02			 8.462918e+04	 
	49000	 1.797066e-02			 8.482896e+04	 
	49100	 1.797037e-02			 8.502941e+04	 
	49200	 1.797078e-02			 8.523005e+04	 
	49300	 1.796927e-02			 8.543187e+04	 
	49400	 1.796852e-02			 8.563645e+04	 
	49500	 1.796833e-02			 8.583702e+04	 
	49600	 1.796502e-02			 8.603869e+04	 
	49700	 1.796484e-02			 8.624586e+04	 
	49800	 1.796350e-02			 8.644707e+04	 
	49900	 1.796318e-02			 8.664826e+04	 
	50000	 1.796380e-02			 8.685571e+04	 
