# Bin_id signal noise snr
0       2.761783e+01       2.938264e+00 9.399368286132812500e+00 
1       2.012064e+02       8.309635e+00 2.421362495422363281e+01 
2       2.463901e+02       9.814524e+00 2.510464096069335938e+01 
3       2.843503e+02       1.152852e+01 2.466494560241699219e+01 
4       2.845867e+02       1.302055e+01 2.185672950744628906e+01 
5       2.319125e+02       1.316081e+01 1.762143898010253906e+01 
6       2.340591e+02       1.475895e+01 1.585878276824951172e+01 
7       1.902617e+02       1.508658e+01 1.261131858825683594e+01 
8       1.934606e+02       1.725514e+01 1.121177005767822266e+01 
9       1.542309e+02       1.723101e+01 8.950778961181640625e+00 
10       7.574638e+01       1.274741e+01 5.942097187042236328e+00 
11       7.382983e+00       3.991832e+00 1.849522352218627930e+00 
