# Vel [km/s] 	 Disp [km/s]
1.59972e+02 	 2.43871e+02
1.61790e+02 	 2.35311e+02
1.57457e+02 	 2.32515e+02
1.48657e+02 	 2.45090e+02
1.60015e+02 	 2.24384e+02
1.62685e+02 	 2.35334e+02
1.66753e+02 	 2.45092e+02
1.59946e+02 	 2.47608e+02
1.82700e+02 	 2.36622e+02
1.66890e+02 	 2.38128e+02
1.58370e+02 	 2.41874e+02
1.62953e+02 	 2.34989e+02
1.71008e+02 	 2.38260e+02
1.64225e+02 	 2.29524e+02
1.60664e+02 	 2.37884e+02
1.66625e+02 	 2.45690e+02
1.62834e+02 	 2.47060e+02
1.62874e+02 	 2.28837e+02
1.62764e+02 	 2.56523e+02
1.53314e+02 	 2.43111e+02
1.63211e+02 	 2.46300e+02
1.65326e+02 	 2.32945e+02
1.57932e+02 	 2.30274e+02
1.60971e+02 	 2.21197e+02
1.67539e+02 	 2.44752e+02
1.60218e+02 	 2.25932e+02
1.63926e+02 	 2.38693e+02
1.63058e+02 	 2.28313e+02
1.54513e+02 	 2.42879e+02
1.67466e+02 	 2.52461e+02
1.63389e+02 	 2.44012e+02
1.50692e+02 	 2.37790e+02
1.54868e+02 	 2.43914e+02
1.59797e+02 	 2.53729e+02
1.57624e+02 	 2.26848e+02
1.50521e+02 	 2.31601e+02
1.71160e+02 	 2.51595e+02
1.64090e+02 	 2.45965e+02
1.74588e+02 	 2.42838e+02
1.73159e+02 	 2.24964e+02
1.47864e+02 	 2.38190e+02
1.64147e+02 	 2.36803e+02
1.71055e+02 	 2.32414e+02
1.55055e+02 	 2.39968e+02
1.52492e+02 	 2.47655e+02
1.55454e+02 	 2.27619e+02
1.44794e+02 	 2.53047e+02
1.54303e+02 	 2.38524e+02
1.53390e+02 	 2.42341e+02
1.68875e+02 	 2.42944e+02
1.64322e+02 	 2.36616e+02
1.54622e+02 	 2.34473e+02
1.54895e+02 	 2.53178e+02
1.64323e+02 	 2.30232e+02
1.68957e+02 	 2.38512e+02
1.51611e+02 	 2.34620e+02
1.59646e+02 	 2.31648e+02
1.55285e+02 	 2.49328e+02
1.54745e+02 	 2.32040e+02
1.60488e+02 	 2.31845e+02
1.61178e+02 	 2.47771e+02
1.58509e+02 	 2.43032e+02
1.57215e+02 	 2.27316e+02
1.72856e+02 	 2.48942e+02
1.61363e+02 	 2.30408e+02
1.61030e+02 	 2.49144e+02
1.47798e+02 	 2.51538e+02
1.54315e+02 	 2.37683e+02
1.59630e+02 	 2.37917e+02
1.52828e+02 	 2.38746e+02
1.60401e+02 	 2.39511e+02
1.59793e+02 	 2.30898e+02
1.71721e+02 	 2.38148e+02
1.64470e+02 	 2.35360e+02
1.56375e+02 	 2.45864e+02
1.46889e+02 	 2.52001e+02
1.65318e+02 	 2.46246e+02
1.66052e+02 	 2.48120e+02
1.54172e+02 	 2.40228e+02
1.59316e+02 	 2.40349e+02
1.63693e+02 	 2.46333e+02
1.56063e+02 	 2.36341e+02
1.67657e+02 	 2.37745e+02
1.64559e+02 	 2.39679e+02
1.63840e+02 	 2.24441e+02
1.57598e+02 	 2.30958e+02
1.59345e+02 	 2.41087e+02
1.61225e+02 	 2.37492e+02
1.46652e+02 	 2.50787e+02
1.54928e+02 	 2.31660e+02
1.53327e+02 	 2.51179e+02
1.56356e+02 	 2.38572e+02
1.64181e+02 	 2.38847e+02
1.47947e+02 	 2.36707e+02
1.59016e+02 	 2.35207e+02
1.68908e+02 	 2.45959e+02
1.59796e+02 	 2.40603e+02
1.67989e+02 	 2.42317e+02
1.49669e+02 	 2.37311e+02
1.74401e+02 	 2.31753e+02
1.62711e+02 	 2.40761e+02
1.69630e+02 	 2.26727e+02
1.59464e+02 	 2.59700e+02
1.64739e+02 	 2.43034e+02
1.66901e+02 	 2.38341e+02
1.62045e+02 	 2.40358e+02
1.58505e+02 	 2.37381e+02
1.54012e+02 	 2.49390e+02
1.58072e+02 	 2.37773e+02
1.62575e+02 	 2.46072e+02
1.64835e+02 	 2.42194e+02
1.63900e+02 	 2.45167e+02
1.59499e+02 	 2.46323e+02
1.65241e+02 	 2.40000e+02
1.70524e+02 	 2.38742e+02
1.69537e+02 	 2.43992e+02
1.74059e+02 	 2.34462e+02
1.63206e+02 	 2.53601e+02
1.46950e+02 	 2.34602e+02
1.54915e+02 	 2.30178e+02
1.45159e+02 	 2.42581e+02
1.60003e+02 	 2.33845e+02
1.64542e+02 	 2.33812e+02
1.57757e+02 	 2.43186e+02
1.59692e+02 	 2.32724e+02
1.61766e+02 	 2.32042e+02
1.64506e+02 	 2.42728e+02
1.64317e+02 	 2.28199e+02
1.63782e+02 	 2.43211e+02
1.56697e+02 	 2.43501e+02
1.69283e+02 	 2.47241e+02
1.54211e+02 	 2.48902e+02
1.67922e+02 	 2.29205e+02
1.57678e+02 	 2.34352e+02
1.51211e+02 	 2.45765e+02
1.62085e+02 	 2.41412e+02
1.47869e+02 	 2.39025e+02
1.64368e+02 	 2.29287e+02
1.51747e+02 	 2.46592e+02
1.63013e+02 	 2.38171e+02
1.69469e+02 	 2.38318e+02
1.69488e+02 	 2.45815e+02
1.61137e+02 	 2.44875e+02
1.45733e+02 	 2.30543e+02
1.73377e+02 	 2.50188e+02
1.59014e+02 	 2.46968e+02
1.60956e+02 	 2.44934e+02
1.63768e+02 	 2.37440e+02
1.66700e+02 	 2.33751e+02
1.56991e+02 	 2.32274e+02
1.53477e+02 	 2.52620e+02
1.60345e+02 	 2.41768e+02
1.69087e+02 	 2.38758e+02
1.62611e+02 	 2.44564e+02
1.68204e+02 	 2.30017e+02
1.56736e+02 	 2.53272e+02
1.75114e+02 	 2.38303e+02
1.61741e+02 	 2.40312e+02
1.68777e+02 	 2.36945e+02
1.67678e+02 	 2.41922e+02
1.62881e+02 	 2.29271e+02
1.48947e+02 	 2.27989e+02
1.59682e+02 	 2.45967e+02
1.52721e+02 	 2.49025e+02
1.73791e+02 	 2.33810e+02
1.47542e+02 	 2.34984e+02
1.61620e+02 	 2.34178e+02
1.53554e+02 	 2.30339e+02
1.44441e+02 	 2.41638e+02
1.61553e+02 	 2.39375e+02
1.56724e+02 	 2.40435e+02
1.54190e+02 	 2.39424e+02
1.47582e+02 	 2.39375e+02
1.67360e+02 	 2.52854e+02
1.52514e+02 	 2.24260e+02
1.62198e+02 	 2.40693e+02
1.68075e+02 	 2.39187e+02
1.59486e+02 	 2.44005e+02
1.67841e+02 	 2.35834e+02
1.64483e+02 	 2.30479e+02
1.55956e+02 	 2.50719e+02
1.56648e+02 	 2.37633e+02
1.70795e+02 	 2.46438e+02
1.64600e+02 	 2.33915e+02
1.61040e+02 	 2.35253e+02
1.67676e+02 	 2.34478e+02
1.62176e+02 	 2.59516e+02
1.59413e+02 	 2.38081e+02
1.62072e+02 	 2.33298e+02
1.54047e+02 	 2.17971e+02
1.57559e+02 	 2.37453e+02
1.59650e+02 	 2.42300e+02
1.61048e+02 	 2.35703e+02
1.63077e+02 	 2.45667e+02
1.62405e+02 	 2.34445e+02
1.73808e+02 	 2.51107e+02
1.60860e+02 	 2.35616e+02
1.56980e+02 	 2.51670e+02
1.49712e+02 	 2.41205e+02
1.69418e+02 	 2.43862e+02
