1.263210043920809180e+08 1.847140125027332309e-07 8.499999999999999778e-01
6.842354497440049648e+08 8.544792648187460596e-07 8.499999999999999778e-01
8.279500413894608498e+09 1.828644483093003216e-06 8.499999999999999778e-01
1.911827281202589035e+10 3.418755786943303862e-06 7.500000000000000000e-01
4.645206936724468994e+10 6.409430789740509850e-06 7.500000000000000000e-01
7.849559830631800842e+10 1.319942092660476129e-05 7.500000000000000000e-01
2.490427641971517944e+11 3.448754118275637441e-05 8.404289999999999816e-01
3.536234692253248380e-02 4.763686146355527142e-10 3.200000000000000067e-01
3.556994540984068087e-02 9.655583209935196909e-10 3.200000000000000067e-01
1.819804107187922987e-03 1.055161585536184090e-09 3.200000000000000067e-01
3.634791818814666481e-02 1.716519683808076501e-09 3.200000000000000067e-01
3.022307923070116122e-03 1.958308386919429779e-09 3.200000000000000067e-01
2.620470673594929231e-02 2.756816881881442318e-09 3.200000000000000067e-01
1.657820896961427481e-02 3.046495480412795698e-09 3.200000000000000067e-01
2.603254006031315709e-02 4.323935896905123381e-09 3.200000000000000067e-01
2.052318370632690361e-02 4.758991210667662281e-09 3.200000000000000067e-01
1.268305298724418419e-03 6.069401866357525895e-09 3.200000000000000067e-01
4.655163250658948815e-02 6.795783660353510158e-09 3.200000000000000067e-01
3.686000789943492950e-02 9.541588969095911952e-09 3.200000000000000067e-01
1.313220960812553316e-02 1.068382454620041144e-08 3.200000000000000067e-01
1.849098215544658225e-02 1.208301137429296370e-08 3.200000000000000067e-01
4.793864247997195460e-02 1.499994621619341181e-08 3.200000000000000067e-01
8.700382327882224404e-03 1.671237116365083531e-08 3.200000000000000067e-01
5.962294082038165771e-02 2.105949666855078967e-08 3.200000000000000067e-01
1.608542907147916812e-02 2.612298771679500512e-08 3.200000000000000067e-01
5.366943199872157427e-02 2.956693442260876016e-08 3.200000000000000067e-01
2.610245718022142017e-02 3.639997601435554151e-08 3.200000000000000067e-01
5.255360303413945250e-02 4.074526407540408728e-08 3.200000000000000067e-01
8.451734145655283303e-02 5.331200314816090424e-08 3.200000000000000067e-01
1.030573333656579910e-01 7.307519045175058173e-08 3.200000000000000067e-01
1.145590223171470828e-01 1.010801618528342669e-07 3.200000000000000067e-01
3.388547319610227260e-02 1.286357109715294211e-07 3.200000000000000067e-01
1.028298714217568272e-01 1.440201580700739828e-07 3.200000000000000067e-01
1.032334038767983991e-01 1.867329705963457700e-07 3.200000000000000067e-01
9.753947077726220216e-02 2.264427017377207370e-07 3.200000000000000067e-01
1.377619691960378090e-01 2.867718981062610997e-07 3.200000000000000067e-01
5.189014174853331246e-02 3.474675651363521166e-07 3.200000000000000067e-01
9.071198349899999014e-02 3.828147488496310516e-07 3.200000000000000067e-01
1.151168269953822543e-01 4.463500180913487271e-07 3.200000000000000067e-01
1.880376928632374600e-01 5.630199456366774837e-07 3.200000000000000067e-01
1.342825897614796649e-01 7.302923011478140708e-07 3.200000000000000067e-01
9.925921494865289074e-02 7.726407761927319954e-07 3.200000000000000067e-01
2.606812929246506982e-01 1.005288802160446218e-06 3.200000000000000067e-01
1.957719417559755648e-02 1.235239324806466817e-06 3.200000000000000067e-01
3.001295419895178007e-01 1.377639284035640754e-06 3.200000000000000067e-01
4.840908890789919622e-02 1.734271136741902152e-06 3.200000000000000067e-01
3.529669977486880605e-01 1.941912473037986702e-06 3.200000000000000067e-01
4.363635749130310715e-01 2.726430699604220720e-06 3.200000000000000067e-01
5.478144695329649483e-02 3.052880961406689207e-06 3.200000000000000067e-01
5.793788012483580552e-01 4.030614408373912279e-06 3.200000000000000067e-01
1.546316450449541635e-01 5.408106309050495720e-06 3.200000000000000067e-01
6.787042889899517206e-01 6.333072634965757343e-06 3.200000000000000067e-01
4.442843621911589658e-01 9.436345615200652528e-06 3.200000000000000067e-01
6.692432137717070351e-01 1.044049655965153450e-05 3.200000000000000067e-01
8.113574523282659490e-01 1.699382974621897659e-05 3.200000000000000067e-01
8.717263361508995612e-01 1.818554540761751652e-05 3.200000000000000067e-01
3.684226646405328154e+00 3.889533627171037357e-05 3.200000000000000067e-01
1.000000000000000000e+08 4.848136811095360081e-08 1.000000000000000000e+00
