# Vel [km/s] 	 Disp [km/s]
1.79026e+02 	 2.30590e+02
1.66414e+02 	 2.36989e+02
1.91222e+02 	 2.52002e+02
1.90072e+02 	 2.55656e+02
1.84304e+02 	 2.38578e+02
1.90372e+02 	 2.51458e+02
1.79367e+02 	 2.70332e+02
1.79402e+02 	 2.46211e+02
1.93747e+02 	 2.54443e+02
1.77257e+02 	 2.37568e+02
1.87832e+02 	 2.44041e+02
1.93743e+02 	 2.40412e+02
1.62753e+02 	 2.39651e+02
1.96775e+02 	 2.49514e+02
1.85257e+02 	 2.44132e+02
1.81860e+02 	 2.48820e+02
1.97003e+02 	 2.26063e+02
1.92102e+02 	 2.55250e+02
1.71541e+02 	 2.64105e+02
1.68883e+02 	 2.39601e+02
1.73397e+02 	 2.45031e+02
1.72460e+02 	 2.17669e+02
1.69340e+02 	 2.56727e+02
1.79357e+02 	 2.56961e+02
1.74739e+02 	 2.42209e+02
1.79543e+02 	 2.63564e+02
1.80380e+02 	 2.49323e+02
1.73802e+02 	 2.43183e+02
1.95119e+02 	 2.25727e+02
1.76004e+02 	 2.39889e+02
1.70239e+02 	 2.39132e+02
1.96448e+02 	 2.49312e+02
1.74377e+02 	 2.61966e+02
1.73373e+02 	 2.49185e+02
1.83857e+02 	 2.54565e+02
1.89133e+02 	 2.42092e+02
1.85682e+02 	 2.61459e+02
1.79618e+02 	 2.51375e+02
1.75813e+02 	 2.43387e+02
1.74924e+02 	 2.43887e+02
1.86859e+02 	 2.54825e+02
1.64701e+02 	 2.56163e+02
1.79226e+02 	 2.28886e+02
1.71083e+02 	 2.50887e+02
1.89863e+02 	 2.47599e+02
1.87418e+02 	 2.62207e+02
1.71572e+02 	 2.27826e+02
1.86880e+02 	 2.91476e+02
1.80417e+02 	 2.43846e+02
1.97355e+02 	 2.62595e+02
1.88128e+02 	 2.45233e+02
1.91575e+02 	 2.34566e+02
1.77245e+02 	 2.39823e+02
1.76880e+02 	 2.38410e+02
1.91151e+02 	 2.49948e+02
1.74158e+02 	 2.58808e+02
1.85851e+02 	 2.61889e+02
1.95644e+02 	 2.69522e+02
1.95832e+02 	 2.40982e+02
1.83779e+02 	 2.41952e+02
1.98729e+02 	 2.41240e+02
1.81210e+02 	 2.43900e+02
1.80521e+02 	 2.47033e+02
1.66992e+02 	 2.24132e+02
1.93224e+02 	 2.45660e+02
1.76103e+02 	 2.33895e+02
1.90577e+02 	 2.41427e+02
1.63552e+02 	 2.47241e+02
1.91560e+02 	 2.51845e+02
2.02388e+02 	 2.45955e+02
1.67882e+02 	 2.45276e+02
1.80955e+02 	 2.66172e+02
1.75897e+02 	 2.61608e+02
1.84966e+02 	 2.46781e+02
1.76666e+02 	 2.49258e+02
1.93320e+02 	 2.31846e+02
2.03950e+02 	 2.42679e+02
1.70016e+02 	 2.41472e+02
1.96059e+02 	 2.52665e+02
1.79503e+02 	 2.55232e+02
1.70611e+02 	 2.64692e+02
2.00689e+02 	 2.56346e+02
1.99366e+02 	 2.47757e+02
1.80929e+02 	 2.40618e+02
2.00537e+02 	 2.40054e+02
1.78676e+02 	 2.54080e+02
1.73033e+02 	 2.55476e+02
1.89067e+02 	 2.59563e+02
1.80749e+02 	 2.55358e+02
1.85206e+02 	 2.31988e+02
1.69651e+02 	 2.33046e+02
1.84197e+02 	 2.47552e+02
1.64744e+02 	 2.60248e+02
1.67257e+02 	 2.46478e+02
1.74951e+02 	 2.56474e+02
1.89503e+02 	 2.48152e+02
1.69716e+02 	 2.67822e+02
1.77049e+02 	 2.61817e+02
1.79910e+02 	 2.83340e+02
1.92749e+02 	 2.52869e+02
1.79702e+02 	 2.49993e+02
1.88955e+02 	 2.38389e+02
1.83816e+02 	 2.47911e+02
1.78141e+02 	 2.69713e+02
1.87981e+02 	 2.42908e+02
1.78627e+02 	 2.30056e+02
1.76988e+02 	 2.56994e+02
1.75959e+02 	 2.31468e+02
1.76828e+02 	 2.37707e+02
1.86664e+02 	 2.30264e+02
1.94401e+02 	 2.44217e+02
1.79354e+02 	 2.25978e+02
1.64626e+02 	 2.30370e+02
1.78894e+02 	 2.62990e+02
1.85944e+02 	 2.43874e+02
1.73927e+02 	 2.32357e+02
1.77420e+02 	 2.54619e+02
1.85831e+02 	 2.27933e+02
1.86723e+02 	 2.64632e+02
1.95792e+02 	 2.61783e+02
1.84388e+02 	 2.45933e+02
1.80534e+02 	 2.35936e+02
1.78092e+02 	 2.33513e+02
1.76673e+02 	 2.43274e+02
1.79527e+02 	 2.44519e+02
1.71445e+02 	 2.57338e+02
1.89214e+02 	 2.54197e+02
1.69648e+02 	 2.43194e+02
1.87842e+02 	 2.34309e+02
1.75627e+02 	 2.36921e+02
1.84188e+02 	 2.44057e+02
1.79211e+02 	 2.42787e+02
1.72236e+02 	 2.55484e+02
1.86326e+02 	 2.52493e+02
1.86617e+02 	 2.72763e+02
1.83255e+02 	 2.46299e+02
1.75980e+02 	 2.46249e+02
1.86027e+02 	 2.60796e+02
1.80825e+02 	 2.60298e+02
1.71975e+02 	 2.76612e+02
1.58914e+02 	 2.70617e+02
1.93357e+02 	 2.68341e+02
2.12545e+02 	 2.29742e+02
1.86467e+02 	 2.42256e+02
1.82516e+02 	 2.53954e+02
1.78106e+02 	 2.53524e+02
1.84352e+02 	 2.42408e+02
1.70703e+02 	 2.46364e+02
1.92526e+02 	 2.38284e+02
1.85226e+02 	 2.67158e+02
1.79135e+02 	 2.53539e+02
1.79680e+02 	 2.63647e+02
1.76238e+02 	 2.68057e+02
1.74242e+02 	 2.32262e+02
1.74770e+02 	 2.30545e+02
1.97888e+02 	 2.69898e+02
1.79978e+02 	 2.24445e+02
1.68434e+02 	 2.53518e+02
1.78228e+02 	 2.44691e+02
1.99326e+02 	 2.44144e+02
1.80360e+02 	 2.49461e+02
1.72129e+02 	 2.30041e+02
1.79872e+02 	 2.49578e+02
1.90160e+02 	 2.45935e+02
2.06914e+02 	 2.37216e+02
1.82541e+02 	 2.47181e+02
1.94773e+02 	 2.62935e+02
1.82492e+02 	 2.37770e+02
1.66734e+02 	 2.58022e+02
1.78908e+02 	 2.56329e+02
1.79653e+02 	 2.62107e+02
1.74803e+02 	 2.53425e+02
1.61907e+02 	 2.53221e+02
1.83159e+02 	 2.61962e+02
1.87867e+02 	 2.71150e+02
1.89829e+02 	 2.39597e+02
1.76153e+02 	 2.35498e+02
1.89689e+02 	 2.46303e+02
1.86148e+02 	 2.73544e+02
1.66714e+02 	 2.56637e+02
1.81627e+02 	 2.46852e+02
1.83569e+02 	 2.34357e+02
1.89768e+02 	 2.46972e+02
1.69218e+02 	 2.53126e+02
1.62581e+02 	 2.69789e+02
1.91746e+02 	 2.37125e+02
1.73844e+02 	 2.70831e+02
1.89981e+02 	 2.42106e+02
1.85846e+02 	 2.53357e+02
1.77582e+02 	 2.56617e+02
1.99468e+02 	 2.47307e+02
1.88419e+02 	 2.41288e+02
1.77390e+02 	 2.44219e+02
1.92888e+02 	 2.55928e+02
1.79358e+02 	 2.40335e+02
1.88167e+02 	 2.34511e+02
1.82778e+02 	 2.47977e+02
1.86819e+02 	 2.37260e+02
1.80432e+02 	 2.41247e+02
1.74278e+02 	 2.33249e+02
