# Bin_Id 	 Mean Vel [km/s] 	 Vel Std 	 Mean Sigma [km/s] 	 Sigma Std
0.000000000000000000e+00 1.399105950000000007e+02 6.490839689206242547e+00 2.475792350000000113e+02 6.909776778577944256e+00
1.000000000000000000e+00 1.552755449999999939e+02 7.729191443351303370e+00 2.382558849999999779e+02 6.926464869742356534e+00
2.000000000000000000e+00 1.485669650000000104e+02 6.981987871929812961e+00 2.451342700000000434e+02 7.185455174663605504e+00
3.000000000000000000e+00 1.557558199999999715e+02 6.831875473660216080e+00 2.407406149999999627e+02 6.562760752669183795e+00
4.000000000000000000e+00 1.341357299999999952e+02 7.369724439699220753e+00 2.523534649999999999e+02 7.829214824538600404e+00
5.000000000000000000e+00 1.498006149999999934e+02 8.392088550341624043e+00 2.401381599999999992e+02 9.037037889950445546e+00
6.000000000000000000e+00 1.792665299999999888e+02 1.024483663750183915e+01 2.473582199999999887e+02 1.044235544796287662e+01
7.000000000000000000e+00 1.440859900000000096e+02 8.556409770452791719e+00 1.830868550000000425e+02 8.772622014767021525e+00
8.000000000000000000e+00 1.685626149999999939e+02 1.165942767878316566e+01 2.392516400000000374e+02 1.082991356200039235e+01
9.000000000000000000e+00 1.406409400000000005e+02 6.918397316315390455e+00 2.236390150000000006e+02 7.929556883254889499e+00
1.000000000000000000e+01 1.545434400000000039e+02 7.802854851680890214e+00 2.672693899999999871e+02 7.738340210788098972e+00
1.100000000000000000e+01 1.607335099999999954e+02 6.964959302817209874e+00 2.395926200000000108e+02 7.604623163286923671e+00
1.200000000000000000e+01 1.478846399999999903e+02 9.185855369555957495e+00 2.210453200000000038e+02 8.542496376797593882e+00
1.300000000000000000e+01 1.435517700000000048e+02 7.652146501936564427e+00 2.570213850000000093e+02 7.416462440865927874e+00
1.400000000000000000e+01 1.524075199999999768e+02 7.470745846272646595e+00 2.368979349999999897e+02 8.093757662592512503e+00
1.500000000000000000e+01 1.638288299999999822e+02 1.209994850324165583e+01 2.339653900000000135e+02 1.032327553191815284e+01
1.600000000000000000e+01 1.609733099999999695e+02 6.282176862672682383e+00 2.404327399999999670e+02 7.313906049601676784e+00
1.700000000000000000e+01 1.415494750000000295e+02 6.224143596461685135e+00 2.367754750000000001e+02 6.770489623311965133e+00
1.800000000000000000e+01 1.508336649999999963e+02 6.244319306599798836e+00 2.310502349999999865e+02 5.647693553104223163e+00
1.900000000000000000e+01 1.428806949999999745e+02 9.260717160780529866e+00 2.185784099999999910e+02 1.030600231912937303e+01
2.000000000000000000e+01 1.515458700000000078e+02 1.117869104426363336e+01 2.553930150000000197e+02 1.082166183517000313e+01
2.100000000000000000e+01 1.420157199999999875e+02 1.107750609485727189e+01 2.443598000000000354e+02 1.262306387451160639e+01
2.200000000000000000e+01 1.466265899999999931e+02 1.283411470464168680e+01 2.356066500000000019e+02 1.164717207297548285e+01
