# Vel [km/s] 	 Disp [km/s]
1.47515e+02 	 2.50757e+02
1.51332e+02 	 2.39073e+02
1.45523e+02 	 2.16445e+02
1.29415e+02 	 2.50929e+02
1.47576e+02 	 2.43098e+02
1.52908e+02 	 2.32529e+02
1.16328e+02 	 2.49143e+02
1.39488e+02 	 2.29868e+02
1.67456e+02 	 2.39487e+02
1.66502e+02 	 2.37451e+02
1.46291e+02 	 2.40587e+02
1.50918e+02 	 2.25459e+02
1.39383e+02 	 2.26714e+02
1.61036e+02 	 2.41538e+02
1.63001e+02 	 2.47601e+02
1.44699e+02 	 2.12572e+02
1.42594e+02 	 2.49011e+02
1.66457e+02 	 2.26907e+02
1.33347e+02 	 2.49303e+02
1.65842e+02 	 2.30343e+02
1.26793e+02 	 2.54707e+02
1.30916e+02 	 2.27336e+02
1.21302e+02 	 2.44403e+02
1.70767e+02 	 2.05593e+02
1.64098e+02 	 2.36513e+02
1.24234e+02 	 2.25817e+02
1.51922e+02 	 2.32127e+02
1.42723e+02 	 2.25703e+02
1.60400e+02 	 2.46702e+02
1.44265e+02 	 2.31481e+02
1.51368e+02 	 2.08018e+02
1.56763e+02 	 2.36940e+02
1.52907e+02 	 2.18369e+02
1.42525e+02 	 2.52432e+02
1.62309e+02 	 2.51244e+02
1.53378e+02 	 2.25386e+02
1.52528e+02 	 2.22069e+02
1.38459e+02 	 2.28365e+02
1.50462e+02 	 2.32208e+02
1.24101e+02 	 2.41487e+02
1.39051e+02 	 2.37177e+02
1.37611e+02 	 2.40047e+02
1.10611e+02 	 2.40589e+02
1.50039e+02 	 2.40928e+02
1.34137e+02 	 2.48751e+02
1.69048e+02 	 2.33550e+02
1.35751e+02 	 2.30033e+02
1.55402e+02 	 2.48115e+02
1.43424e+02 	 2.35270e+02
1.41739e+02 	 2.30665e+02
1.33059e+02 	 2.51319e+02
1.27329e+02 	 2.41345e+02
1.54022e+02 	 2.24886e+02
1.38462e+02 	 2.40190e+02
1.46797e+02 	 2.48013e+02
1.36320e+02 	 2.46940e+02
1.33591e+02 	 2.37749e+02
1.36567e+02 	 2.26340e+02
1.31742e+02 	 2.25110e+02
1.69669e+02 	 2.27366e+02
1.56775e+02 	 2.58806e+02
1.52423e+02 	 2.30674e+02
1.44989e+02 	 2.38157e+02
1.61724e+02 	 2.48389e+02
1.34619e+02 	 2.36452e+02
1.63865e+02 	 2.51189e+02
1.39337e+02 	 2.20163e+02
1.52009e+02 	 2.44266e+02
1.62578e+02 	 2.39210e+02
1.42897e+02 	 2.32512e+02
1.40088e+02 	 2.30034e+02
1.24514e+02 	 2.40385e+02
1.39105e+02 	 2.41265e+02
1.68075e+02 	 2.33172e+02
1.48675e+02 	 2.43368e+02
1.71644e+02 	 2.37647e+02
1.55981e+02 	 2.45473e+02
1.80198e+02 	 2.44371e+02
1.31791e+02 	 2.27323e+02
1.61567e+02 	 2.25682e+02
1.37530e+02 	 2.57721e+02
1.39111e+02 	 2.36341e+02
1.69659e+02 	 2.51448e+02
1.43569e+02 	 2.42782e+02
1.45708e+02 	 1.97196e+02
1.66486e+02 	 2.35185e+02
1.65940e+02 	 2.34363e+02
1.60125e+02 	 2.52716e+02
1.43287e+02 	 2.47059e+02
1.33508e+02 	 2.34012e+02
1.26142e+02 	 2.39632e+02
1.63103e+02 	 2.29308e+02
1.58460e+02 	 2.41611e+02
1.28724e+02 	 2.38502e+02
1.39847e+02 	 2.30955e+02
1.30481e+02 	 2.38315e+02
1.61215e+02 	 2.30886e+02
1.70045e+02 	 2.61028e+02
1.38276e+02 	 2.35008e+02
1.50624e+02 	 2.43074e+02
1.71137e+02 	 2.39670e+02
1.60739e+02 	 2.41009e+02
1.50083e+02 	 2.31826e+02
1.41759e+02 	 2.21648e+02
1.57994e+02 	 2.04290e+02
1.24138e+02 	 2.26740e+02
1.38855e+02 	 2.45933e+02
1.58791e+02 	 2.40290e+02
1.45416e+02 	 2.28432e+02
1.46999e+02 	 2.32922e+02
1.47305e+02 	 2.22703e+02
1.42715e+02 	 2.39021e+02
1.58997e+02 	 2.40811e+02
1.40120e+02 	 2.33988e+02
1.28289e+02 	 2.49614e+02
1.47169e+02 	 2.19705e+02
1.47801e+02 	 2.27666e+02
1.36349e+02 	 2.30672e+02
1.17711e+02 	 2.40613e+02
1.36432e+02 	 2.51254e+02
1.25952e+02 	 2.31307e+02
1.53028e+02 	 2.51816e+02
1.63157e+02 	 2.25904e+02
1.54816e+02 	 2.37867e+02
1.46245e+02 	 2.35796e+02
1.41704e+02 	 2.35592e+02
1.41812e+02 	 2.22888e+02
1.29484e+02 	 2.36294e+02
1.55964e+02 	 2.34471e+02
1.31312e+02 	 2.55566e+02
1.60346e+02 	 2.24863e+02
1.37966e+02 	 2.27030e+02
1.51809e+02 	 2.47429e+02
1.13749e+02 	 2.27132e+02
1.55001e+02 	 2.25778e+02
1.55010e+02 	 2.23037e+02
1.47819e+02 	 2.20102e+02
1.27451e+02 	 2.45741e+02
1.50969e+02 	 2.20310e+02
1.55242e+02 	 2.19992e+02
1.50503e+02 	 2.52419e+02
1.55916e+02 	 2.16687e+02
1.42753e+02 	 2.34383e+02
1.50537e+02 	 2.34299e+02
1.56113e+02 	 2.26343e+02
1.30079e+02 	 2.32637e+02
1.47149e+02 	 2.44480e+02
1.62870e+02 	 2.32664e+02
1.41511e+02 	 2.21211e+02
1.61958e+02 	 2.27126e+02
1.43118e+02 	 2.43977e+02
1.49389e+02 	 2.44051e+02
1.52135e+02 	 2.16124e+02
1.61588e+02 	 2.39201e+02
1.32573e+02 	 2.32767e+02
1.60603e+02 	 2.27993e+02
1.35234e+02 	 2.34784e+02
1.54355e+02 	 2.28432e+02
1.53402e+02 	 2.41103e+02
1.54748e+02 	 2.50607e+02
1.47134e+02 	 2.43210e+02
1.57826e+02 	 2.44662e+02
1.49792e+02 	 2.28802e+02
1.32587e+02 	 2.34872e+02
1.49663e+02 	 2.28028e+02
1.42634e+02 	 2.25175e+02
1.57257e+02 	 2.26070e+02
1.38870e+02 	 2.42025e+02
1.47522e+02 	 2.26399e+02
1.35097e+02 	 2.29012e+02
1.57034e+02 	 2.40598e+02
1.35197e+02 	 2.46629e+02
1.41893e+02 	 2.11350e+02
1.49712e+02 	 2.52111e+02
1.47378e+02 	 2.19483e+02
1.30938e+02 	 2.58616e+02
1.38117e+02 	 2.50268e+02
1.49872e+02 	 2.39352e+02
1.43388e+02 	 2.16131e+02
1.38316e+02 	 2.50540e+02
1.32703e+02 	 2.24289e+02
1.44253e+02 	 2.38224e+02
1.64578e+02 	 2.24444e+02
1.52230e+02 	 2.22462e+02
1.47613e+02 	 2.37795e+02
1.47528e+02 	 2.18001e+02
1.28055e+02 	 2.58499e+02
1.43201e+02 	 2.18462e+02
1.59657e+02 	 2.31593e+02
1.38878e+02 	 2.23994e+02
1.63007e+02 	 2.38333e+02
1.28728e+02 	 2.26274e+02
1.41409e+02 	 2.75003e+02
1.58161e+02 	 2.48242e+02
1.34758e+02 	 2.45129e+02
1.33080e+02 	 2.44332e+02
1.40654e+02 	 2.40380e+02
1.58927e+02 	 2.45707e+02
1.52714e+02 	 2.26870e+02
1.41892e+02 	 2.35176e+02
