# Vel [km/s] 	 Disp [km/s]
1.49874e+02 	 2.19991e+02
1.59379e+02 	 2.42513e+02
1.58068e+02 	 2.41090e+02
1.65629e+02 	 2.39396e+02
1.44156e+02 	 2.37056e+02
1.57999e+02 	 2.46346e+02
1.55341e+02 	 2.42193e+02
1.41037e+02 	 2.33058e+02
1.48750e+02 	 2.26877e+02
1.46326e+02 	 2.37481e+02
1.59563e+02 	 2.50099e+02
1.45036e+02 	 2.27109e+02
1.55977e+02 	 2.49953e+02
1.59007e+02 	 2.42495e+02
1.65862e+02 	 2.47357e+02
1.54372e+02 	 2.38544e+02
1.48894e+02 	 2.40751e+02
1.65849e+02 	 2.45900e+02
1.54659e+02 	 2.29894e+02
1.51562e+02 	 2.44626e+02
1.55612e+02 	 2.36679e+02
1.60384e+02 	 2.45302e+02
1.53205e+02 	 2.52591e+02
1.50124e+02 	 2.35767e+02
1.56278e+02 	 2.36493e+02
1.61188e+02 	 2.52874e+02
1.43766e+02 	 2.43135e+02
1.52083e+02 	 2.39811e+02
1.43773e+02 	 2.36586e+02
1.49419e+02 	 2.40887e+02
1.51531e+02 	 2.28025e+02
1.58715e+02 	 2.39455e+02
1.52086e+02 	 2.39848e+02
1.43294e+02 	 2.47079e+02
1.51008e+02 	 2.37818e+02
1.53407e+02 	 2.38442e+02
1.49546e+02 	 2.49054e+02
1.54315e+02 	 2.43750e+02
1.63463e+02 	 2.49869e+02
1.53252e+02 	 2.46248e+02
1.42638e+02 	 2.35015e+02
1.46093e+02 	 2.27707e+02
1.49242e+02 	 2.46513e+02
1.56283e+02 	 2.36072e+02
1.66852e+02 	 2.34774e+02
1.50351e+02 	 2.33041e+02
1.47425e+02 	 2.27327e+02
1.53354e+02 	 2.30556e+02
1.53812e+02 	 2.40320e+02
1.47971e+02 	 2.28581e+02
1.45214e+02 	 2.43826e+02
1.61041e+02 	 2.38816e+02
1.53753e+02 	 2.36334e+02
1.58100e+02 	 2.34615e+02
1.39277e+02 	 2.37067e+02
1.43663e+02 	 2.36685e+02
1.62967e+02 	 2.42376e+02
1.57310e+02 	 2.36063e+02
1.45833e+02 	 2.41197e+02
1.58965e+02 	 2.41226e+02
1.45181e+02 	 2.34500e+02
1.64843e+02 	 2.40814e+02
1.54911e+02 	 2.40100e+02
1.53919e+02 	 2.36987e+02
1.47773e+02 	 2.32706e+02
1.47505e+02 	 2.36902e+02
1.62230e+02 	 2.53726e+02
1.58619e+02 	 2.23270e+02
1.61111e+02 	 2.34498e+02
1.52709e+02 	 2.35312e+02
1.44147e+02 	 2.38547e+02
1.52251e+02 	 2.39331e+02
1.62357e+02 	 2.36578e+02
1.49175e+02 	 2.34178e+02
1.49457e+02 	 2.27764e+02
1.53040e+02 	 2.48464e+02
1.35132e+02 	 2.39942e+02
1.59712e+02 	 2.27870e+02
1.58083e+02 	 2.43549e+02
1.63343e+02 	 2.33501e+02
1.47150e+02 	 2.35147e+02
1.52843e+02 	 2.35452e+02
1.53176e+02 	 2.34149e+02
1.45161e+02 	 2.29992e+02
1.58134e+02 	 2.32831e+02
1.50141e+02 	 2.26796e+02
1.49728e+02 	 2.31202e+02
1.55269e+02 	 2.40478e+02
1.58593e+02 	 2.39937e+02
1.59201e+02 	 2.36356e+02
1.52074e+02 	 2.35800e+02
1.48596e+02 	 2.33006e+02
1.50410e+02 	 2.34041e+02
1.54869e+02 	 2.32707e+02
1.49192e+02 	 2.37071e+02
1.56629e+02 	 2.48114e+02
1.50931e+02 	 2.35569e+02
1.51243e+02 	 2.25894e+02
1.55483e+02 	 2.49627e+02
1.52524e+02 	 2.52220e+02
1.62220e+02 	 2.43542e+02
1.56930e+02 	 2.44621e+02
1.56493e+02 	 2.27947e+02
1.48687e+02 	 2.39360e+02
1.56043e+02 	 2.31937e+02
1.60960e+02 	 2.41701e+02
1.57845e+02 	 2.29890e+02
1.47820e+02 	 2.36949e+02
1.54009e+02 	 2.40574e+02
1.62214e+02 	 2.34467e+02
1.58233e+02 	 2.41680e+02
1.50882e+02 	 2.32379e+02
1.48041e+02 	 2.46331e+02
1.42553e+02 	 2.36818e+02
1.59813e+02 	 2.38447e+02
1.61359e+02 	 2.37372e+02
1.37557e+02 	 2.32431e+02
1.57569e+02 	 2.39556e+02
1.45670e+02 	 2.42733e+02
1.57488e+02 	 2.41860e+02
1.63571e+02 	 2.39555e+02
1.52182e+02 	 2.32007e+02
1.64890e+02 	 2.41776e+02
1.62097e+02 	 2.22140e+02
1.44637e+02 	 2.42078e+02
1.54333e+02 	 2.45002e+02
1.56557e+02 	 2.37478e+02
1.42147e+02 	 2.26933e+02
1.53238e+02 	 2.47375e+02
1.46654e+02 	 2.37269e+02
1.50100e+02 	 2.39597e+02
1.47206e+02 	 2.37300e+02
1.62342e+02 	 2.37356e+02
1.54129e+02 	 2.38567e+02
1.52477e+02 	 2.52771e+02
1.40253e+02 	 2.40540e+02
1.61616e+02 	 2.34603e+02
1.51758e+02 	 2.43568e+02
1.51097e+02 	 2.35739e+02
1.45476e+02 	 2.39229e+02
1.56478e+02 	 2.42514e+02
1.48362e+02 	 2.35819e+02
1.49205e+02 	 2.29742e+02
1.44369e+02 	 2.38881e+02
1.48161e+02 	 2.46388e+02
1.47459e+02 	 2.36169e+02
1.56351e+02 	 2.35248e+02
1.55488e+02 	 2.32938e+02
1.54193e+02 	 2.39382e+02
1.47466e+02 	 2.39017e+02
1.51145e+02 	 2.37712e+02
1.52284e+02 	 2.47558e+02
1.49205e+02 	 2.30471e+02
1.55455e+02 	 2.35679e+02
1.47841e+02 	 2.50274e+02
1.51669e+02 	 2.39339e+02
1.57279e+02 	 2.46336e+02
1.61789e+02 	 2.45242e+02
1.48948e+02 	 2.33804e+02
1.50758e+02 	 2.40495e+02
1.48564e+02 	 2.53251e+02
1.55269e+02 	 2.46031e+02
1.58366e+02 	 2.35633e+02
1.57985e+02 	 2.38469e+02
1.59670e+02 	 2.38893e+02
1.55415e+02 	 2.34146e+02
1.61098e+02 	 2.39225e+02
1.59861e+02 	 2.41952e+02
1.59057e+02 	 2.48018e+02
1.55864e+02 	 2.34410e+02
1.41272e+02 	 2.34429e+02
1.61545e+02 	 2.50299e+02
1.55846e+02 	 2.47476e+02
1.58861e+02 	 2.60518e+02
1.53697e+02 	 2.31553e+02
1.54366e+02 	 2.34569e+02
1.59653e+02 	 2.39566e+02
1.61956e+02 	 2.38809e+02
1.52529e+02 	 2.40510e+02
1.58736e+02 	 2.39378e+02
1.50922e+02 	 2.37338e+02
1.46625e+02 	 2.33931e+02
1.54619e+02 	 2.38899e+02
1.47864e+02 	 2.52028e+02
1.53143e+02 	 2.41941e+02
1.43241e+02 	 2.41690e+02
1.60280e+02 	 2.30120e+02
1.52024e+02 	 2.43130e+02
1.63608e+02 	 2.33226e+02
1.50131e+02 	 2.44864e+02
1.50672e+02 	 2.39997e+02
1.50575e+02 	 2.45740e+02
1.58582e+02 	 2.37041e+02
1.50194e+02 	 2.46009e+02
1.47513e+02 	 2.40800e+02
1.59422e+02 	 2.36078e+02
1.61869e+02 	 2.36333e+02
1.50841e+02 	 2.41195e+02
1.56915e+02 	 2.29212e+02
1.65080e+02 	 2.35640e+02
