# Iteration	 Mean acceptance fraction	 Processing Time
	0	 0.000000e+00			 0.000000e+00	 
	25	 0.000000e+00			 1.520344e+00	 
	50	 0.000000e+00			 3.030498e+00	 
	75	 0.000000e+00			 4.558461e+00	 
	100	 0.000000e+00			 6.079699e+00	 
	125	 0.000000e+00			 7.629777e+00	 
	150	 0.000000e+00			 9.275462e+00	 
	175	 0.000000e+00			 1.085806e+01	 
	200	 0.000000e+00			 1.250749e+01	 
	225	 0.000000e+00			 1.412373e+01	 
	250	 0.000000e+00			 1.577877e+01	 
	275	 0.000000e+00			 1.753493e+01	 
	300	 0.000000e+00			 1.927112e+01	 
	325	 0.000000e+00			 2.103892e+01	 
	350	 0.000000e+00			 2.279770e+01	 
	375	 0.000000e+00			 2.454870e+01	 
	400	 0.000000e+00			 2.631537e+01	 
	425	 0.000000e+00			 2.808202e+01	 
	450	 0.000000e+00			 2.987258e+01	 
	475	 0.000000e+00			 3.165290e+01	 
	500	 0.000000e+00			 3.358564e+01	 
	525	 0.000000e+00			 3.558769e+01	 
	550	 0.000000e+00			 3.759815e+01	 
	575	 0.000000e+00			 3.964090e+01	 
	600	 0.000000e+00			 4.167631e+01	 
	625	 0.000000e+00			 4.375590e+01	 
	650	 0.000000e+00			 4.579224e+01	 
	675	 0.000000e+00			 4.782669e+01	 
	700	 0.000000e+00			 4.990184e+01	 
	725	 0.000000e+00			 5.196265e+01	 
	750	 0.000000e+00			 5.402871e+01	 
	775	 0.000000e+00			 5.612313e+01	 
	800	 0.000000e+00			 5.822769e+01	 
	825	 0.000000e+00			 6.031989e+01	 
	850	 0.000000e+00			 6.241196e+01	 
	875	 0.000000e+00			 6.451528e+01	 
	900	 0.000000e+00			 6.663182e+01	 
	925	 0.000000e+00			 6.873371e+01	 
	950	 0.000000e+00			 7.088019e+01	 
	975	 0.000000e+00			 7.316953e+01	 
	1000	 0.000000e+00			 7.547553e+01	 
	1025	 0.000000e+00			 7.800356e+01	 
	1050	 0.000000e+00			 8.055052e+01	 
	1075	 0.000000e+00			 8.311836e+01	 
	1100	 0.000000e+00			 8.561657e+01	 
	1125	 0.000000e+00			 8.821184e+01	 
	1150	 0.000000e+00			 9.082846e+01	 
	1175	 0.000000e+00			 9.347445e+01	 
	1200	 0.000000e+00			 9.630392e+01	 
	1225	 0.000000e+00			 9.948790e+01	 
	1250	 0.000000e+00			 1.026494e+02	 
	1275	 0.000000e+00			 1.056246e+02	 
	1300	 0.000000e+00			 1.086430e+02	 
	1325	 0.000000e+00			 1.116850e+02	 
	1350	 0.000000e+00			 1.150387e+02	 
	1375	 0.000000e+00			 1.180826e+02	 
	1400	 0.000000e+00			 1.218405e+02	 
	1425	 0.000000e+00			 1.255551e+02	 
	1450	 0.000000e+00			 1.294368e+02	 
	1475	 0.000000e+00			 1.324327e+02	 
	1500	 0.000000e+00			 1.359680e+02	 
	1525	 0.000000e+00			 1.393602e+02	 
	1550	 0.000000e+00			 1.427201e+02	 
	1575	 0.000000e+00			 1.455672e+02	 
	1600	 0.000000e+00			 1.485646e+02	 
	1625	 0.000000e+00			 1.521408e+02	 
	1650	 0.000000e+00			 1.557266e+02	 
	1675	 0.000000e+00			 1.591957e+02	 
	1700	 0.000000e+00			 1.630711e+02	 
	1725	 0.000000e+00			 1.670361e+02	 
	1750	 0.000000e+00			 1.704007e+02	 
	1775	 0.000000e+00			 1.735274e+02	 
	1800	 0.000000e+00			 1.768622e+02	 
	1825	 0.000000e+00			 1.809908e+02	 
	1850	 0.000000e+00			 1.842394e+02	 
	1875	 0.000000e+00			 1.873841e+02	 
	1900	 0.000000e+00			 1.903880e+02	 
	1925	 0.000000e+00			 1.934356e+02	 
	1950	 0.000000e+00			 1.963768e+02	 
	1975	 0.000000e+00			 1.992976e+02	 
	2000	 0.000000e+00			 2.022887e+02	 
	2025	 0.000000e+00			 2.052089e+02	 
	2050	 0.000000e+00			 2.091480e+02	 
	2075	 0.000000e+00			 2.131982e+02	 
	2100	 0.000000e+00			 2.173462e+02	 
	2125	 0.000000e+00			 2.213692e+02	 
	2150	 0.000000e+00			 2.254863e+02	 
	2175	 0.000000e+00			 2.297618e+02	 
	2200	 0.000000e+00			 2.337986e+02	 
	2225	 0.000000e+00			 2.382977e+02	 
	2250	 0.000000e+00			 2.427992e+02	 
	2275	 0.000000e+00			 2.467442e+02	 
	2300	 0.000000e+00			 2.510447e+02	 
	2325	 0.000000e+00			 2.559993e+02	 
	2350	 0.000000e+00			 2.606464e+02	 
	2375	 0.000000e+00			 2.647733e+02	 
	2400	 0.000000e+00			 2.686969e+02	 
	2425	 0.000000e+00			 2.726837e+02	 
	2450	 0.000000e+00			 2.768289e+02	 
	2475	 0.000000e+00			 2.808844e+02	 
	2500	 0.000000e+00			 2.851279e+02	 
	2525	 0.000000e+00			 2.895382e+02	 
	2550	 0.000000e+00			 2.937740e+02	 
	2575	 0.000000e+00			 2.979912e+02	 
	2600	 0.000000e+00			 3.021326e+02	 
	2625	 0.000000e+00			 3.062689e+02	 
	2650	 0.000000e+00			 3.103637e+02	 
	2675	 0.000000e+00			 3.145644e+02	 
	2700	 0.000000e+00			 3.186846e+02	 
	2725	 0.000000e+00			 3.227892e+02	 
	2750	 0.000000e+00			 3.269629e+02	 
	2775	 0.000000e+00			 3.311412e+02	 
	2800	 0.000000e+00			 3.353330e+02	 
	2825	 0.000000e+00			 3.395173e+02	 
	2850	 0.000000e+00			 3.436350e+02	 
	2875	 0.000000e+00			 3.477760e+02	 
	2900	 0.000000e+00			 3.520514e+02	 
	2925	 0.000000e+00			 3.563390e+02	 
	2950	 0.000000e+00			 3.607106e+02	 
	2975	 0.000000e+00			 3.651959e+02	 
	3000	 0.000000e+00			 3.699598e+02	 
	3025	 0.000000e+00			 3.745652e+02	 
	3050	 0.000000e+00			 3.791924e+02	 
	3075	 0.000000e+00			 3.835475e+02	 
	3100	 0.000000e+00			 3.876925e+02	 
	3125	 0.000000e+00			 3.920653e+02	 
	3150	 0.000000e+00			 3.965646e+02	 
	3175	 0.000000e+00			 4.009031e+02	 
	3200	 0.000000e+00			 4.052125e+02	 
	3225	 0.000000e+00			 4.096143e+02	 
	3250	 0.000000e+00			 4.139913e+02	 
	3275	 0.000000e+00			 4.184242e+02	 
	3300	 0.000000e+00			 4.228400e+02	 
	3325	 0.000000e+00			 4.272952e+02	 
	3350	 0.000000e+00			 4.315836e+02	 
	3375	 0.000000e+00			 4.360817e+02	 
	3400	 0.000000e+00			 4.405573e+02	 
	3425	 0.000000e+00			 4.450644e+02	 
	3450	 0.000000e+00			 4.495364e+02	 
	3475	 0.000000e+00			 4.539092e+02	 
	3500	 0.000000e+00			 4.583454e+02	 
	3525	 0.000000e+00			 4.628716e+02	 
	3550	 0.000000e+00			 4.673106e+02	 
	3575	 0.000000e+00			 4.718613e+02	 
	3600	 0.000000e+00			 4.764420e+02	 
	3625	 0.000000e+00			 4.808334e+02	 
	3650	 0.000000e+00			 4.851521e+02	 
	3675	 0.000000e+00			 4.896896e+02	 
	3700	 0.000000e+00			 4.943615e+02	 
	3725	 0.000000e+00			 4.990439e+02	 
	3750	 0.000000e+00			 5.038146e+02	 
	3775	 0.000000e+00			 5.089060e+02	 
	3800	 0.000000e+00			 5.135822e+02	 
	3825	 0.000000e+00			 5.184996e+02	 
	3850	 0.000000e+00			 5.234397e+02	 
	3875	 0.000000e+00			 5.288693e+02	 
	3900	 0.000000e+00			 5.337614e+02	 
	3925	 0.000000e+00			 5.384558e+02	 
	3950	 0.000000e+00			 5.434954e+02	 
	3975	 0.000000e+00			 5.481757e+02	 
	4000	 0.000000e+00			 5.531738e+02	 
	4025	 0.000000e+00			 5.577938e+02	 
	4050	 0.000000e+00			 5.624044e+02	 
	4075	 0.000000e+00			 5.669506e+02	 
	4100	 0.000000e+00			 5.738668e+02	 
	4125	 0.000000e+00			 5.810127e+02	 
	4150	 0.000000e+00			 5.875548e+02	 
	4175	 0.000000e+00			 5.945197e+02	 
	4200	 0.000000e+00			 6.013532e+02	 
	4225	 0.000000e+00			 6.083989e+02	 
	4250	 0.000000e+00			 6.159596e+02	 
	4275	 0.000000e+00			 6.225333e+02	 
	4300	 0.000000e+00			 6.293142e+02	 
	4325	 0.000000e+00			 6.366943e+02	 
	4350	 0.000000e+00			 6.438130e+02	 
	4375	 0.000000e+00			 6.507030e+02	 
	4400	 0.000000e+00			 6.574771e+02	 
	4425	 0.000000e+00			 6.642057e+02	 
	4450	 0.000000e+00			 6.710532e+02	 
	4475	 0.000000e+00			 6.785435e+02	 
	4500	 0.000000e+00			 6.857442e+02	 
	4525	 0.000000e+00			 6.925763e+02	 
	4550	 0.000000e+00			 6.998883e+02	 
	4575	 0.000000e+00			 7.068678e+02	 
	4600	 0.000000e+00			 7.133932e+02	 
	4625	 0.000000e+00			 7.204112e+02	 
	4650	 0.000000e+00			 7.277643e+02	 
	4675	 0.000000e+00			 7.354984e+02	 
	4700	 0.000000e+00			 7.431366e+02	 
	4725	 0.000000e+00			 7.505967e+02	 
	4750	 0.000000e+00			 7.582762e+02	 
	4775	 0.000000e+00			 7.657311e+02	 
	4800	 0.000000e+00			 7.735356e+02	 
	4825	 0.000000e+00			 7.811885e+02	 
	4850	 0.000000e+00			 7.887683e+02	 
	4875	 0.000000e+00			 7.965136e+02	 
	4900	 0.000000e+00			 8.042491e+02	 
	4925	 0.000000e+00			 8.119577e+02	 
	4950	 0.000000e+00			 8.196756e+02	 
	4975	 0.000000e+00			 8.281695e+02	 
	5000	 0.000000e+00			 8.366955e+02	 
	5025	 0.000000e+00			 8.457904e+02	 
	5050	 0.000000e+00			 8.534457e+02	 
	5075	 0.000000e+00			 8.610260e+02	 
	5100	 0.000000e+00			 8.690724e+02	 
	5125	 0.000000e+00			 8.774125e+02	 
	5150	 0.000000e+00			 8.852099e+02	 
	5175	 0.000000e+00			 8.930955e+02	 
	5200	 0.000000e+00			 9.008497e+02	 
	5225	 0.000000e+00			 9.084538e+02	 
	5250	 0.000000e+00			 9.160836e+02	 
	5275	 0.000000e+00			 9.240612e+02	 
	5300	 0.000000e+00			 9.318593e+02	 
	5325	 0.000000e+00			 9.396985e+02	 
	5350	 0.000000e+00			 9.476838e+02	 
	5375	 0.000000e+00			 9.554071e+02	 
	5400	 0.000000e+00			 9.630581e+02	 
	5425	 0.000000e+00			 9.708804e+02	 
	5450	 0.000000e+00			 9.786989e+02	 
	5475	 0.000000e+00			 9.867571e+02	 
	5500	 0.000000e+00			 9.947490e+02	 
	5525	 0.000000e+00			 1.002565e+03	 
	5550	 0.000000e+00			 1.010600e+03	 
	5575	 0.000000e+00			 1.018332e+03	 
	5600	 0.000000e+00			 1.025833e+03	 
	5625	 0.000000e+00			 1.033639e+03	 
	5650	 0.000000e+00			 1.041418e+03	 
	5675	 0.000000e+00			 1.049598e+03	 
	5700	 0.000000e+00			 1.057506e+03	 
	5725	 0.000000e+00			 1.065243e+03	 
	5750	 0.000000e+00			 1.073308e+03	 
	5775	 0.000000e+00			 1.081114e+03	 
	5800	 0.000000e+00			 1.088906e+03	 
	5825	 0.000000e+00			 1.096678e+03	 
	5850	 0.000000e+00			 1.104387e+03	 
	5875	 0.000000e+00			 1.112337e+03	 
	5900	 0.000000e+00			 1.120331e+03	 
	5925	 0.000000e+00			 1.128382e+03	 
	5950	 0.000000e+00			 1.136314e+03	 
	5975	 0.000000e+00			 1.144270e+03	 
	6000	 0.000000e+00			 1.152485e+03	 
	6025	 0.000000e+00			 1.160589e+03	 
	6050	 0.000000e+00			 1.168324e+03	 
	6075	 0.000000e+00			 1.176323e+03	 
	6100	 0.000000e+00			 1.184180e+03	 
	6125	 0.000000e+00			 1.192120e+03	 
	6150	 0.000000e+00			 1.200038e+03	 
	6175	 0.000000e+00			 1.208209e+03	 
	6200	 0.000000e+00			 1.216125e+03	 
	6225	 0.000000e+00			 1.224250e+03	 
	6250	 0.000000e+00			 1.232224e+03	 
	6275	 0.000000e+00			 1.240716e+03	 
	6300	 0.000000e+00			 1.248902e+03	 
	6325	 0.000000e+00			 1.257054e+03	 
	6350	 0.000000e+00			 1.265207e+03	 
	6375	 0.000000e+00			 1.273189e+03	 
	6400	 0.000000e+00			 1.281246e+03	 
	6425	 0.000000e+00			 1.289451e+03	 
	6450	 0.000000e+00			 1.297679e+03	 
	6475	 0.000000e+00			 1.305630e+03	 
	6500	 0.000000e+00			 1.313921e+03	 
	6525	 0.000000e+00			 1.322361e+03	 
	6550	 0.000000e+00			 1.330386e+03	 
	6575	 0.000000e+00			 1.338885e+03	 
	6600	 0.000000e+00			 1.346833e+03	 
	6625	 0.000000e+00			 1.354791e+03	 
	6650	 0.000000e+00			 1.363272e+03	 
	6675	 0.000000e+00			 1.371603e+03	 
	6700	 0.000000e+00			 1.379711e+03	 
	6725	 0.000000e+00			 1.387900e+03	 
	6750	 0.000000e+00			 1.396153e+03	 
	6775	 0.000000e+00			 1.404398e+03	 
	6800	 0.000000e+00			 1.412661e+03	 
	6825	 0.000000e+00			 1.421176e+03	 
	6850	 0.000000e+00			 1.429303e+03	 
	6875	 0.000000e+00			 1.437477e+03	 
	6900	 0.000000e+00			 1.446478e+03	 
	6925	 0.000000e+00			 1.454659e+03	 
	6950	 0.000000e+00			 1.462839e+03	 
	6975	 0.000000e+00			 1.471038e+03	 
	7000	 0.000000e+00			 1.479976e+03	 
	7025	 0.000000e+00			 1.488400e+03	 
	7050	 0.000000e+00			 1.496904e+03	 
	7075	 0.000000e+00			 1.505247e+03	 
	7100	 0.000000e+00			 1.513964e+03	 
	7125	 0.000000e+00			 1.522171e+03	 
	7150	 0.000000e+00			 1.530554e+03	 
	7175	 0.000000e+00			 1.538947e+03	 
	7200	 0.000000e+00			 1.547778e+03	 
	7225	 0.000000e+00			 1.555985e+03	 
	7250	 0.000000e+00			 1.564253e+03	 
	7275	 0.000000e+00			 1.572605e+03	 
	7300	 0.000000e+00			 1.580877e+03	 
	7325	 0.000000e+00			 1.589179e+03	 
	7350	 0.000000e+00			 1.597415e+03	 
	7375	 0.000000e+00			 1.605656e+03	 
	7400	 0.000000e+00			 1.613908e+03	 
	7425	 0.000000e+00			 1.622206e+03	 
	7450	 0.000000e+00			 1.630609e+03	 
	7475	 0.000000e+00			 1.638963e+03	 
	7500	 0.000000e+00			 1.647137e+03	 
	7525	 0.000000e+00			 1.655959e+03	 
	7550	 0.000000e+00			 1.664397e+03	 
	7575	 0.000000e+00			 1.672916e+03	 
	7600	 0.000000e+00			 1.681619e+03	 
	7625	 0.000000e+00			 1.690232e+03	 
	7650	 0.000000e+00			 1.698886e+03	 
	7675	 0.000000e+00			 1.707543e+03	 
	7700	 0.000000e+00			 1.716347e+03	 
	7725	 0.000000e+00			 1.725391e+03	 
	7750	 0.000000e+00			 1.733664e+03	 
	7775	 0.000000e+00			 1.742031e+03	 
	7800	 0.000000e+00			 1.750457e+03	 
	7825	 0.000000e+00			 1.758895e+03	 
	7850	 0.000000e+00			 1.767834e+03	 
	7875	 0.000000e+00			 1.776546e+03	 
	7900	 0.000000e+00			 1.785823e+03	 
	7925	 0.000000e+00			 1.794998e+03	 
	7950	 0.000000e+00			 1.803532e+03	 
	7975	 0.000000e+00			 1.812221e+03	 
	8000	 0.000000e+00			 1.820524e+03	 
	8025	 0.000000e+00			 1.829104e+03	 
	8050	 0.000000e+00			 1.838506e+03	 
	8075	 0.000000e+00			 1.847335e+03	 
	8100	 0.000000e+00			 1.857097e+03	 
	8125	 0.000000e+00			 1.866476e+03	 
	8150	 0.000000e+00			 1.875751e+03	 
	8175	 0.000000e+00			 1.885453e+03	 
	8200	 0.000000e+00			 1.903764e+03	 
	8225	 0.000000e+00			 1.919696e+03	 
	8250	 0.000000e+00			 1.932691e+03	 
	8275	 0.000000e+00			 1.946158e+03	 
	8300	 0.000000e+00			 1.960194e+03	 
	8325	 0.000000e+00			 1.973968e+03	 
	8350	 0.000000e+00			 1.987357e+03	 
	8375	 0.000000e+00			 2.000473e+03	 
	8400	 0.000000e+00			 2.014465e+03	 
	8425	 0.000000e+00			 2.028199e+03	 
	8450	 0.000000e+00			 2.043410e+03	 
	8475	 0.000000e+00			 2.058963e+03	 
	8500	 0.000000e+00			 2.073872e+03	 
	8525	 0.000000e+00			 2.093820e+03	 
	8550	 0.000000e+00			 2.109368e+03	 
	8575	 0.000000e+00			 2.123133e+03	 
	8600	 0.000000e+00			 2.137235e+03	 
	8625	 0.000000e+00			 2.150820e+03	 
	8650	 0.000000e+00			 2.165133e+03	 
	8675	 0.000000e+00			 2.178055e+03	 
	8700	 0.000000e+00			 2.191003e+03	 
	8725	 0.000000e+00			 2.204380e+03	 
	8750	 0.000000e+00			 2.218372e+03	 
	8775	 0.000000e+00			 2.233658e+03	 
	8800	 0.000000e+00			 2.249015e+03	 
	8825	 0.000000e+00			 2.262433e+03	 
	8850	 0.000000e+00			 2.276783e+03	 
	8875	 0.000000e+00			 2.290925e+03	 
	8900	 0.000000e+00			 2.304009e+03	 
	8925	 0.000000e+00			 2.317617e+03	 
	8950	 0.000000e+00			 2.330659e+03	 
	8975	 0.000000e+00			 2.344219e+03	 
	9000	 0.000000e+00			 2.358309e+03	 
	9025	 0.000000e+00			 2.371781e+03	 
	9050	 0.000000e+00			 2.385220e+03	 
	9075	 0.000000e+00			 2.398821e+03	 
	9100	 0.000000e+00			 2.411866e+03	 
	9125	 0.000000e+00			 2.424937e+03	 
	9150	 0.000000e+00			 2.439117e+03	 
	9175	 0.000000e+00			 2.456777e+03	 
	9200	 0.000000e+00			 2.472386e+03	 
	9225	 0.000000e+00			 2.488230e+03	 
	9250	 0.000000e+00			 2.502770e+03	 
	9275	 0.000000e+00			 2.516960e+03	 
	9300	 0.000000e+00			 2.531322e+03	 
	9325	 0.000000e+00			 2.545901e+03	 
	9350	 0.000000e+00			 2.560313e+03	 
	9375	 0.000000e+00			 2.574514e+03	 
	9400	 0.000000e+00			 2.588864e+03	 
	9425	 0.000000e+00			 2.601783e+03	 
	9450	 0.000000e+00			 2.614586e+03	 
	9475	 0.000000e+00			 2.627509e+03	 
	9500	 0.000000e+00			 2.640330e+03	 
	9525	 0.000000e+00			 2.653132e+03	 
	9550	 0.000000e+00			 2.666052e+03	 
	9575	 0.000000e+00			 2.678943e+03	 
	9600	 0.000000e+00			 2.692040e+03	 
	9625	 0.000000e+00			 2.705453e+03	 
	9650	 0.000000e+00			 2.718326e+03	 
	9675	 0.000000e+00			 2.731198e+03	 
	9700	 0.000000e+00			 2.744089e+03	 
	9725	 0.000000e+00			 2.756987e+03	 
	9750	 0.000000e+00			 2.770147e+03	 
	9775	 0.000000e+00			 2.783329e+03	 
	9800	 0.000000e+00			 2.796357e+03	 
	9825	 0.000000e+00			 2.809351e+03	 
	9850	 0.000000e+00			 2.822317e+03	 
	9875	 0.000000e+00			 2.835347e+03	 
	9900	 0.000000e+00			 2.848358e+03	 
	9925	 0.000000e+00			 2.861467e+03	 
	9950	 0.000000e+00			 2.874523e+03	 
	9975	 0.000000e+00			 2.887573e+03	 
	10000	 0.000000e+00			 2.900582e+03	 
	10025	 0.000000e+00			 2.913645e+03	 
	10050	 0.000000e+00			 2.926923e+03	 
	10075	 0.000000e+00			 2.940293e+03	 
	10100	 0.000000e+00			 2.953878e+03	 
	10125	 0.000000e+00			 2.967648e+03	 
	10150	 0.000000e+00			 2.980797e+03	 
	10175	 0.000000e+00			 2.993901e+03	 
	10200	 0.000000e+00			 3.007059e+03	 
	10225	 0.000000e+00			 3.020584e+03	 
	10250	 0.000000e+00			 3.033730e+03	 
	10275	 0.000000e+00			 3.046868e+03	 
	10300	 0.000000e+00			 3.060608e+03	 
	10325	 0.000000e+00			 3.073742e+03	 
	10350	 0.000000e+00			 3.086935e+03	 
	10375	 0.000000e+00			 3.100303e+03	 
	10400	 0.000000e+00			 3.113503e+03	 
	10425	 0.000000e+00			 3.126690e+03	 
	10450	 0.000000e+00			 3.139798e+03	 
	10475	 0.000000e+00			 3.152959e+03	 
	10500	 0.000000e+00			 3.166159e+03	 
	10525	 0.000000e+00			 3.179547e+03	 
	10550	 0.000000e+00			 3.192761e+03	 
	10575	 0.000000e+00			 3.206045e+03	 
	10600	 0.000000e+00			 3.219417e+03	 
	10625	 0.000000e+00			 3.232663e+03	 
	10650	 0.000000e+00			 3.245876e+03	 
	10675	 0.000000e+00			 3.259176e+03	 
	10700	 0.000000e+00			 3.272636e+03	 
	10725	 0.000000e+00			 3.285964e+03	 
	10750	 0.000000e+00			 3.299295e+03	 
	10775	 0.000000e+00			 3.312601e+03	 
	10800	 0.000000e+00			 3.325966e+03	 
	10825	 0.000000e+00			 3.339453e+03	 
	10850	 0.000000e+00			 3.352761e+03	 
	10875	 0.000000e+00			 3.366099e+03	 
	10900	 0.000000e+00			 3.379448e+03	 
	10925	 0.000000e+00			 3.392763e+03	 
	10950	 0.000000e+00			 3.406153e+03	 
	10975	 0.000000e+00			 3.419811e+03	 
	11000	 0.000000e+00			 3.433254e+03	 
	11025	 0.000000e+00			 3.446878e+03	 
	11050	 0.000000e+00			 3.460326e+03	 
	11075	 0.000000e+00			 3.473992e+03	 
	11100	 0.000000e+00			 3.487376e+03	 
	11125	 0.000000e+00			 3.501191e+03	 
	11150	 0.000000e+00			 3.514653e+03	 
	11175	 0.000000e+00			 3.528312e+03	 
	11200	 0.000000e+00			 3.541919e+03	 
	11225	 0.000000e+00			 3.555439e+03	 
	11250	 0.000000e+00			 3.569531e+03	 
	11275	 0.000000e+00			 3.583053e+03	 
	11300	 0.000000e+00			 3.597093e+03	 
	11325	 0.000000e+00			 3.611151e+03	 
	11350	 0.000000e+00			 3.625023e+03	 
	11375	 0.000000e+00			 3.639663e+03	 
	11400	 0.000000e+00			 3.653367e+03	 
	11425	 0.000000e+00			 3.667097e+03	 
	11450	 0.000000e+00			 3.681221e+03	 
	11475	 0.000000e+00			 3.695589e+03	 
	11500	 0.000000e+00			 3.709588e+03	 
	11525	 0.000000e+00			 3.723334e+03	 
	11550	 0.000000e+00			 3.737130e+03	 
	11575	 0.000000e+00			 3.751175e+03	 
	11600	 0.000000e+00			 3.764974e+03	 
	11625	 0.000000e+00			 3.779265e+03	 
	11650	 0.000000e+00			 3.793117e+03	 
	11675	 0.000000e+00			 3.807116e+03	 
	11700	 0.000000e+00			 3.821547e+03	 
	11725	 0.000000e+00			 3.835440e+03	 
	11750	 0.000000e+00			 3.849307e+03	 
	11775	 0.000000e+00			 3.863642e+03	 
	11800	 0.000000e+00			 3.878344e+03	 
	11825	 0.000000e+00			 3.892510e+03	 
	11850	 0.000000e+00			 3.906883e+03	 
	11875	 0.000000e+00			 3.921158e+03	 
	11900	 0.000000e+00			 3.935148e+03	 
	11925	 0.000000e+00			 3.950397e+03	 
	11950	 0.000000e+00			 3.965801e+03	 
	11975	 0.000000e+00			 3.979957e+03	 
	12000	 0.000000e+00			 3.994549e+03	 
	12025	 0.000000e+00			 4.009507e+03	 
	12050	 0.000000e+00			 4.023896e+03	 
	12075	 0.000000e+00			 4.038201e+03	 
	12100	 0.000000e+00			 4.052632e+03	 
	12125	 0.000000e+00			 4.066931e+03	 
	12150	 0.000000e+00			 4.083533e+03	 
	12175	 0.000000e+00			 4.098872e+03	 
	12200	 0.000000e+00			 4.113398e+03	 
	12225	 0.000000e+00			 4.127975e+03	 
	12250	 0.000000e+00			 4.143042e+03	 
	12275	 0.000000e+00			 4.157425e+03	 
	12300	 0.000000e+00			 4.171497e+03	 
	12325	 0.000000e+00			 4.186708e+03	 
	12350	 0.000000e+00			 4.202532e+03	 
	12375	 0.000000e+00			 4.217352e+03	 
	12400	 0.000000e+00			 4.232240e+03	 
	12425	 0.000000e+00			 4.247227e+03	 
	12450	 0.000000e+00			 4.262482e+03	 
	12475	 0.000000e+00			 4.278383e+03	 
	12500	 0.000000e+00			 4.294217e+03	 
	12525	 0.000000e+00			 4.309118e+03	 
	12550	 0.000000e+00			 4.324313e+03	 
	12575	 0.000000e+00			 4.339355e+03	 
	12600	 0.000000e+00			 4.354778e+03	 
	12625	 0.000000e+00			 4.368945e+03	 
	12650	 0.000000e+00			 4.383388e+03	 
	12675	 0.000000e+00			 4.398976e+03	 
	12700	 0.000000e+00			 4.414366e+03	 
	12725	 0.000000e+00			 4.430022e+03	 
	12750	 0.000000e+00			 4.445382e+03	 
	12775	 0.000000e+00			 4.460843e+03	 
	12800	 0.000000e+00			 4.476114e+03	 
	12825	 0.000000e+00			 4.490808e+03	 
	12850	 0.000000e+00			 4.505642e+03	 
	12875	 0.000000e+00			 4.520790e+03	 
	12900	 0.000000e+00			 4.535897e+03	 
