# x[px] 		 y[px] 		 Vrms[kms⁻¹] 		 Erms[kms⁻¹]
9.578885665621154e+00 -3.040550839068075e+00 2.360981140136719e+02 1.208054351806641e+01
9.785089851017784e+00 -2.062041853966297e+00 2.360981140136719e+02 1.208054351806641e+01
9.991294036414413e+00 -1.083532868864518e+00 2.360981140136719e+02 1.208054351806641e+01
1.019749822181104e+01 -1.050238837627397e-01 2.360981140136719e+02 1.208054351806641e+01
7.981764124329487e+00 -5.769873608976781e+00 1.997777557373047e+02 1.150677776336670e+01
8.187968309726116e+00 -4.791364623875002e+00 2.360981140136719e+02 1.208054351806641e+01
8.394172495122746e+00 -3.812855638773224e+00 2.360981140136719e+02 1.208054351806641e+01
8.600376680519377e+00 -2.834346653671445e+00 2.360981140136719e+02 1.208054351806641e+01
8.806580865916006e+00 -1.855837668569667e+00 2.360981140136719e+02 1.208054351806641e+01
9.012785051312635e+00 -8.773286834678885e-01 2.360981140136719e+02 1.208054351806641e+01
9.218989236709266e+00 1.011803016338899e-01 2.360981140136719e+02 1.208054351806641e+01
9.425193422105895e+00 1.079689286735668e+00 2.360981140136719e+02 1.208054351806641e+01
9.631397607502524e+00 2.058198271837447e+00 2.360981140136719e+02 1.208054351806641e+01
9.837601792899154e+00 3.036707256939225e+00 2.589293823242188e+02 1.235851383209229e+01
7.003255139227709e+00 -5.563669423580151e+00 1.997777557373047e+02 1.150677776336670e+01
7.209459324624339e+00 -4.585160438478372e+00 2.090647125244141e+02 9.216159820556641e+00
7.415663510020968e+00 -3.606651453376594e+00 2.360981140136719e+02 1.208054351806641e+01
7.621867695417597e+00 -2.628142468274816e+00 2.360981140136719e+02 1.208054351806641e+01
7.828071880814227e+00 -1.649633483173037e+00 2.360981140136719e+02 1.208054351806641e+01
8.034276066210857e+00 -6.711244980712588e-01 2.360981140136719e+02 1.208054351806641e+01
8.240480251607487e+00 3.073844870305196e-01 2.360981140136719e+02 1.208054351806641e+01
8.446684437004116e+00 1.285893472132298e+00 2.360981140136719e+02 1.208054351806641e+01
8.652888622400745e+00 2.264402457234076e+00 2.360981140136719e+02 1.208054351806641e+01
8.859092807797376e+00 3.242911442335854e+00 2.589293823242188e+02 1.235851383209229e+01
5.818541968729301e+00 -6.335974223285300e+00 1.997777557373047e+02 1.150677776336670e+01
6.024746154125930e+00 -5.357465238183521e+00 1.997777557373047e+02 1.150677776336670e+01
6.230950339522559e+00 -4.378956253081743e+00 2.090647125244141e+02 9.216159820556641e+00
6.437154524919189e+00 -3.400447267979964e+00 2.090647125244141e+02 9.216159820556641e+00
6.643358710315820e+00 -2.421938282878186e+00 2.360981140136719e+02 1.208054351806641e+01
6.849562895712449e+00 -1.443429297776408e+00 2.360981140136719e+02 1.208054351806641e+01
7.055767081109078e+00 -4.649203126746292e-01 2.360981140136719e+02 1.208054351806641e+01
7.261971266505708e+00 5.135886724271492e-01 2.360981140136719e+02 1.208054351806641e+01
7.468175451902338e+00 1.492097657528928e+00 2.360981140136719e+02 1.208054351806641e+01
7.674379637298967e+00 2.470606642630706e+00 2.589293823242188e+02 1.235851383209229e+01
7.880583822695597e+00 3.449115627732484e+00 2.589293823242188e+02 1.235851383209229e+01
8.086788008092228e+00 4.427624612834263e+00 2.589293823242188e+02 1.235851383209229e+01
4.633828798230892e+00 -7.108279022990448e+00 1.997777557373047e+02 1.150677776336670e+01
4.840032983627522e+00 -6.129770037888670e+00 1.997777557373047e+02 1.150677776336670e+01
5.046237169024152e+00 -5.151261052786891e+00 1.997777557373047e+02 1.150677776336670e+01
5.252441354420782e+00 -4.172752067685114e+00 2.090647125244141e+02 9.216159820556641e+00
5.458645539817411e+00 -3.194243082583335e+00 2.090647125244141e+02 9.216159820556641e+00
5.664849725214040e+00 -2.215734097481556e+00 2.090647125244141e+02 9.216159820556641e+00
5.871053910610670e+00 -1.237225112379778e+00 2.360981140136719e+02 1.208054351806641e+01
6.077258096007300e+00 -2.587161272779995e-01 2.360981140136719e+02 1.208054351806641e+01
6.283462281403930e+00 7.197928578237789e-01 2.360981140136719e+02 1.208054351806641e+01
6.489666466800559e+00 1.698301842925557e+00 2.589293823242188e+02 1.235851383209229e+01
6.695870652197189e+00 2.676810828027336e+00 2.589293823242188e+02 1.235851383209229e+01
6.902074837593819e+00 3.655319813129114e+00 2.589293823242188e+02 1.235851383209229e+01
7.108279022990448e+00 4.633828798230892e+00 2.589293823242188e+02 1.235851383209229e+01
7.314483208387077e+00 5.612337783332671e+00 2.589293823242188e+02 1.235851383209229e+01
7.520687393783708e+00 6.590846768434449e+00 2.589293823242188e+02 1.235851383209229e+01
3.449115627732484e+00 -7.880583822695597e+00 1.997777557373047e+02 1.150677776336670e+01
3.655319813129114e+00 -6.902074837593819e+00 1.997777557373047e+02 1.150677776336670e+01
3.861523998525743e+00 -5.923565852492040e+00 1.997777557373047e+02 1.150677776336670e+01
4.067728183922373e+00 -4.945056867390262e+00 1.997777557373047e+02 1.150677776336670e+01
4.273932369319002e+00 -3.966547882288483e+00 2.090647125244141e+02 9.216159820556641e+00
4.480136554715632e+00 -2.988038897186705e+00 2.090647125244141e+02 9.216159820556641e+00
4.686340740112263e+00 -2.009529912084927e+00 2.090647125244141e+02 9.216159820556641e+00
4.892544925508892e+00 -1.031020926983148e+00 2.090647125244141e+02 9.216159820556641e+00
5.098749110905521e+00 -5.251194188136987e-02 2.489257202148438e+02 7.708997726440430e+00
5.304953296302151e+00 9.259970432204085e-01 2.489257202148438e+02 7.708997726440430e+00
5.511157481698781e+00 1.904506028322187e+00 2.589293823242188e+02 1.235851383209229e+01
5.717361667095410e+00 2.883015013423965e+00 2.589293823242188e+02 1.235851383209229e+01
5.923565852492040e+00 3.861523998525743e+00 2.589293823242188e+02 1.235851383209229e+01
6.129770037888670e+00 4.840032983627522e+00 2.589293823242188e+02 1.235851383209229e+01
6.335974223285300e+00 5.818541968729301e+00 2.589293823242188e+02 1.235851383209229e+01
6.542178408681929e+00 6.797050953831079e+00 2.589293823242188e+02 1.235851383209229e+01
2.470606642630706e+00 -7.674379637298967e+00 1.997777557373047e+02 1.150677776336670e+01
2.676810828027336e+00 -6.695870652197189e+00 1.997777557373047e+02 1.150677776336670e+01
2.883015013423965e+00 -5.717361667095410e+00 1.997777557373047e+02 1.150677776336670e+01
3.089219198820595e+00 -4.738852681993633e+00 1.997777557373047e+02 1.150677776336670e+01
3.295423384217225e+00 -3.760343696891854e+00 2.090647125244141e+02 9.216159820556641e+00
3.501627569613854e+00 -2.781834711790076e+00 2.090647125244141e+02 9.216159820556641e+00
3.707831755010484e+00 -1.803325726688297e+00 2.090647125244141e+02 9.216159820556641e+00
3.914035940407114e+00 -8.248167415865186e-01 2.489257202148438e+02 7.708997726440430e+00
4.120240125803743e+00 1.536922435152598e-01 2.489257202148438e+02 7.708997726440430e+00
4.326444311200373e+00 1.132201228617038e+00 2.489257202148438e+02 7.708997726440430e+00
4.532648496597003e+00 2.110710213718817e+00 2.398046875000000e+02 7.797782897949219e+00
4.738852681993633e+00 3.089219198820595e+00 2.589293823242188e+02 1.235851383209229e+01
4.945056867390262e+00 4.067728183922373e+00 2.589293823242188e+02 1.235851383209229e+01
5.151261052786891e+00 5.046237169024152e+00 2.589293823242188e+02 1.235851383209229e+01
5.357465238183521e+00 6.024746154125930e+00 2.589293823242188e+02 1.235851383209229e+01
5.563669423580151e+00 7.003255139227709e+00 2.589293823242188e+02 1.235851383209229e+01
1.285893472132298e+00 -8.446684437004116e+00 1.997777557373047e+02 1.150677776336670e+01
1.492097657528928e+00 -7.468175451902338e+00 1.997777557373047e+02 1.150677776336670e+01
1.698301842925557e+00 -6.489666466800559e+00 1.997777557373047e+02 1.150677776336670e+01
1.904506028322187e+00 -5.511157481698781e+00 1.997777557373047e+02 1.150677776336670e+01
2.110710213718817e+00 -4.532648496597003e+00 1.997777557373047e+02 1.150677776336670e+01
2.316914399115446e+00 -3.554139511495224e+00 2.393785095214844e+02 7.972725868225098e+00
2.523118584512076e+00 -2.575630526393446e+00 2.393785095214844e+02 7.972725868225098e+00
2.729322769908705e+00 -1.597121541291668e+00 2.417359161376953e+02 7.583117961883545e+00
2.935526955305335e+00 -6.186125561898890e-01 2.489257202148438e+02 7.708997726440430e+00
3.141731140701965e+00 3.598964289118894e-01 2.489257202148438e+02 7.708997726440430e+00
3.347935326098594e+00 1.338405414013668e+00 2.398046875000000e+02 7.797782897949219e+00
3.554139511495224e+00 2.316914399115446e+00 2.398046875000000e+02 7.797782897949219e+00
3.760343696891854e+00 3.295423384217225e+00 2.398046875000000e+02 7.797782897949219e+00
3.966547882288483e+00 4.273932369319002e+00 2.589293823242188e+02 1.235851383209229e+01
4.172752067685114e+00 5.252441354420782e+00 2.589293823242188e+02 1.235851383209229e+01
4.378956253081743e+00 6.230950339522559e+00 2.589293823242188e+02 1.235851383209229e+01
4.585160438478372e+00 7.209459324624339e+00 2.386618804931641e+02 1.396440029144287e+01
4.791364623875002e+00 8.187968309726116e+00 2.386618804931641e+02 1.396440029144287e+01
3.073844870305196e-01 -8.240480251607487e+00 1.997777557373047e+02 1.150677776336670e+01
5.135886724271492e-01 -7.261971266505708e+00 1.997777557373047e+02 1.150677776336670e+01
7.197928578237789e-01 -6.283462281403930e+00 1.997777557373047e+02 1.150677776336670e+01
9.259970432204085e-01 -5.304953296302151e+00 1.997777557373047e+02 1.150677776336670e+01
1.132201228617038e+00 -4.326444311200373e+00 2.393785095214844e+02 7.972725868225098e+00
1.338405414013668e+00 -3.347935326098594e+00 2.393785095214844e+02 7.972725868225098e+00
1.544609599410298e+00 -2.369426340996816e+00 2.393785095214844e+02 7.972725868225098e+00
1.750813784806927e+00 -1.390917355895038e+00 2.417359161376953e+02 7.583117961883545e+00
1.957017970203557e+00 -4.124083707932593e-01 2.590281677246094e+02 8.470144271850586e+00
2.163222155600186e+00 5.661006143085191e-01 2.526050415039062e+02 7.686457633972168e+00
2.369426340996816e+00 1.544609599410298e+00 2.398046875000000e+02 7.797782897949219e+00
2.575630526393446e+00 2.523118584512076e+00 2.398046875000000e+02 7.797782897949219e+00
2.781834711790076e+00 3.501627569613854e+00 2.347165679931641e+02 8.589469909667969e+00
2.988038897186705e+00 4.480136554715632e+00 2.347165679931641e+02 8.589469909667969e+00
3.194243082583335e+00 5.458645539817411e+00 2.386618804931641e+02 1.396440029144287e+01
3.400447267979964e+00 6.437154524919189e+00 2.386618804931641e+02 1.396440029144287e+01
3.606651453376594e+00 7.415663510020968e+00 2.386618804931641e+02 1.396440029144287e+01
3.812855638773224e+00 8.394172495122746e+00 2.386618804931641e+02 1.396440029144287e+01
-6.711244980712588e-01 -8.034276066210857e+00 2.165599517822266e+02 1.135468864440918e+01
-4.649203126746292e-01 -7.055767081109078e+00 2.431548919677734e+02 8.945647239685059e+00
-2.587161272779995e-01 -6.077258096007300e+00 2.431548919677734e+02 8.945647239685059e+00
-5.251194188136987e-02 -5.098749110905521e+00 2.431548919677734e+02 8.945647239685059e+00
1.536922435152598e-01 -4.120240125803743e+00 2.431548919677734e+02 8.945647239685059e+00
3.598964289118894e-01 -3.141731140701965e+00 2.393785095214844e+02 7.972725868225098e+00
5.661006143085191e-01 -2.163222155600186e+00 2.393785095214844e+02 7.972725868225098e+00
7.723047997051488e-01 -1.184713170498408e+00 2.417359161376953e+02 7.583117961883545e+00
9.785089851017784e-01 -2.062041853966297e-01 2.590281677246094e+02 8.470144271850586e+00
1.184713170498408e+00 7.723047997051488e-01 2.526050415039062e+02 7.686457633972168e+00
1.390917355895038e+00 1.750813784806927e+00 2.451825103759766e+02 8.425886154174805e+00
1.597121541291668e+00 2.729322769908705e+00 2.347165679931641e+02 8.589469909667969e+00
1.803325726688297e+00 3.707831755010484e+00 2.347165679931641e+02 8.589469909667969e+00
2.009529912084927e+00 4.686340740112263e+00 2.347165679931641e+02 8.589469909667969e+00
2.215734097481556e+00 5.664849725214040e+00 2.386618804931641e+02 1.396440029144287e+01
2.421938282878186e+00 6.643358710315820e+00 2.386618804931641e+02 1.396440029144287e+01
2.628142468274816e+00 7.621867695417597e+00 2.386618804931641e+02 1.396440029144287e+01
2.834346653671445e+00 8.600376680519377e+00 2.386618804931641e+02 1.396440029144287e+01
-1.649633483173037e+00 -7.828071880814227e+00 2.165599517822266e+02 1.135468864440918e+01
-1.443429297776408e+00 -6.849562895712449e+00 2.165599517822266e+02 1.135468864440918e+01
-1.237225112379778e+00 -5.871053910610670e+00 2.431548919677734e+02 8.945647239685059e+00
-1.031020926983148e+00 -4.892544925508892e+00 2.431548919677734e+02 8.945647239685059e+00
-8.248167415865186e-01 -3.914035940407114e+00 2.431548919677734e+02 8.945647239685059e+00
-6.186125561898890e-01 -2.935526955305335e+00 2.431548919677734e+02 8.945647239685059e+00
-4.124083707932593e-01 -1.957017970203557e+00 2.508397979736328e+02 8.505936622619629e+00
-2.062041853966297e-01 -9.785089851017784e-01 2.508397979736328e+02 8.505936622619629e+00
0.000000000000000e+00 0.000000000000000e+00 2.388675842285156e+02 8.553109169006348e+00
2.062041853966297e-01 9.785089851017784e-01 2.370704498291016e+02 8.774906158447266e+00
4.124083707932593e-01 1.957017970203557e+00 2.451825103759766e+02 8.425886154174805e+00
6.186125561898890e-01 2.935526955305335e+00 2.498677520751953e+02 7.457325458526611e+00
8.248167415865186e-01 3.914035940407114e+00 2.347165679931641e+02 8.589469909667969e+00
1.031020926983148e+00 4.892544925508892e+00 2.347165679931641e+02 8.589469909667969e+00
1.237225112379778e+00 5.871053910610670e+00 2.386618804931641e+02 1.396440029144287e+01
1.443429297776408e+00 6.849562895712449e+00 2.386618804931641e+02 1.396440029144287e+01
1.649633483173037e+00 7.828071880814227e+00 2.386618804931641e+02 1.396440029144287e+01
1.855837668569667e+00 8.806580865916006e+00 2.386618804931641e+02 1.396440029144287e+01
-2.628142468274816e+00 -7.621867695417597e+00 2.165599517822266e+02 1.135468864440918e+01
-2.421938282878186e+00 -6.643358710315820e+00 2.165599517822266e+02 1.135468864440918e+01
-2.215734097481556e+00 -5.664849725214040e+00 2.165599517822266e+02 1.135468864440918e+01
-2.009529912084927e+00 -4.686340740112263e+00 2.431548919677734e+02 8.945647239685059e+00
-1.803325726688297e+00 -3.707831755010484e+00 2.431548919677734e+02 8.945647239685059e+00
-1.597121541291668e+00 -2.729322769908705e+00 2.431548919677734e+02 8.945647239685059e+00
-1.390917355895038e+00 -1.750813784806927e+00 2.596759948730469e+02 9.848375320434570e+00
-1.184713170498408e+00 -7.723047997051488e-01 2.596759948730469e+02 9.848375320434570e+00
-9.785089851017784e-01 2.062041853966297e-01 2.641406555175781e+02 7.925820827484131e+00
-7.723047997051488e-01 1.184713170498408e+00 2.641406555175781e+02 7.925820827484131e+00
-5.661006143085191e-01 2.163222155600186e+00 2.498677520751953e+02 7.457325458526611e+00
-3.598964289118894e-01 3.141731140701965e+00 2.498677520751953e+02 7.457325458526611e+00
-1.536922435152598e-01 4.120240125803743e+00 2.498677520751953e+02 7.457325458526611e+00
5.251194188136987e-02 5.098749110905521e+00 2.052572479248047e+02 9.413221359252930e+00
2.587161272779995e-01 6.077258096007300e+00 2.386618804931641e+02 1.396440029144287e+01
4.649203126746292e-01 7.055767081109078e+00 2.386618804931641e+02 1.396440029144287e+01
6.711244980712588e-01 8.034276066210857e+00 2.386618804931641e+02 1.396440029144287e+01
8.773286834678885e-01 9.012785051312635e+00 2.386618804931641e+02 1.396440029144287e+01
-3.606651453376594e+00 -7.415663510020968e+00 2.165599517822266e+02 1.135468864440918e+01
-3.400447267979964e+00 -6.437154524919189e+00 2.165599517822266e+02 1.135468864440918e+01
-3.194243082583335e+00 -5.458645539817411e+00 2.165599517822266e+02 1.135468864440918e+01
-2.988038897186705e+00 -4.480136554715632e+00 2.165599517822266e+02 1.135468864440918e+01
-2.781834711790076e+00 -3.501627569613854e+00 2.431548919677734e+02 8.945647239685059e+00
-2.575630526393446e+00 -2.523118584512076e+00 2.294896392822266e+02 6.955268383026123e+00
-2.369426340996816e+00 -1.544609599410298e+00 2.294896392822266e+02 6.955268383026123e+00
-2.163222155600186e+00 -5.661006143085191e-01 2.294896392822266e+02 6.955268383026123e+00
-1.957017970203557e+00 4.124083707932593e-01 2.268825073242188e+02 8.401605606079102e+00
-1.750813784806927e+00 1.390917355895038e+00 2.268825073242188e+02 8.401605606079102e+00
-1.544609599410298e+00 2.369426340996816e+00 2.253302917480469e+02 7.183188915252686e+00
-1.338405414013668e+00 3.347935326098594e+00 2.498677520751953e+02 7.457325458526611e+00
-1.132201228617038e+00 4.326444311200373e+00 2.052572479248047e+02 9.413221359252930e+00
-9.259970432204085e-01 5.304953296302151e+00 2.052572479248047e+02 9.413221359252930e+00
-7.197928578237789e-01 6.283462281403930e+00 2.052572479248047e+02 9.413221359252930e+00
-5.135886724271492e-01 7.261971266505708e+00 2.052572479248047e+02 9.413221359252930e+00
-3.073844870305196e-01 8.240480251607487e+00 2.386618804931641e+02 1.396440029144287e+01
-1.011803016338899e-01 9.218989236709266e+00 2.386618804931641e+02 1.396440029144287e+01
-4.585160438478372e+00 -7.209459324624339e+00 2.165599517822266e+02 1.135468864440918e+01
-4.378956253081743e+00 -6.230950339522559e+00 2.165599517822266e+02 1.135468864440918e+01
-4.172752067685114e+00 -5.252441354420782e+00 2.165599517822266e+02 1.135468864440918e+01
-3.966547882288483e+00 -4.273932369319002e+00 2.165599517822266e+02 1.135468864440918e+01
-3.760343696891854e+00 -3.295423384217225e+00 2.165599517822266e+02 1.135468864440918e+01
-3.554139511495224e+00 -2.316914399115446e+00 2.294896392822266e+02 6.955268383026123e+00
-3.347935326098594e+00 -1.338405414013668e+00 2.294896392822266e+02 6.955268383026123e+00
-3.141731140701965e+00 -3.598964289118894e-01 2.294896392822266e+02 6.955268383026123e+00
-2.935526955305335e+00 6.186125561898890e-01 2.170599212646484e+02 8.036841392517090e+00
-2.729322769908705e+00 1.597121541291668e+00 2.253302917480469e+02 7.183188915252686e+00
-2.523118584512076e+00 2.575630526393446e+00 2.253302917480469e+02 7.183188915252686e+00
-2.316914399115446e+00 3.554139511495224e+00 2.253302917480469e+02 7.183188915252686e+00
-2.110710213718817e+00 4.532648496597003e+00 2.052572479248047e+02 9.413221359252930e+00
-1.904506028322187e+00 5.511157481698781e+00 2.052572479248047e+02 9.413221359252930e+00
-1.698301842925557e+00 6.489666466800559e+00 2.052572479248047e+02 9.413221359252930e+00
-1.492097657528928e+00 7.468175451902338e+00 2.052572479248047e+02 9.413221359252930e+00
-1.285893472132298e+00 8.446684437004116e+00 2.052572479248047e+02 9.413221359252930e+00
-5.357465238183521e+00 -6.024746154125930e+00 2.165599517822266e+02 1.135468864440918e+01
-5.151261052786891e+00 -5.046237169024152e+00 2.165599517822266e+02 1.135468864440918e+01
-4.945056867390262e+00 -4.067728183922373e+00 2.165599517822266e+02 1.135468864440918e+01
-4.738852681993633e+00 -3.089219198820595e+00 2.165599517822266e+02 1.135468864440918e+01
-4.532648496597003e+00 -2.110710213718817e+00 2.294896392822266e+02 6.955268383026123e+00
-4.326444311200373e+00 -1.132201228617038e+00 2.294896392822266e+02 6.955268383026123e+00
-4.120240125803743e+00 -1.536922435152598e-01 2.170599212646484e+02 8.036841392517090e+00
-3.914035940407114e+00 8.248167415865186e-01 2.170599212646484e+02 8.036841392517090e+00
-3.707831755010484e+00 1.803325726688297e+00 2.253302917480469e+02 7.183188915252686e+00
-3.501627569613854e+00 2.781834711790076e+00 2.253302917480469e+02 7.183188915252686e+00
-3.295423384217225e+00 3.760343696891854e+00 2.253302917480469e+02 7.183188915252686e+00
-3.089219198820595e+00 4.738852681993633e+00 2.052572479248047e+02 9.413221359252930e+00
-2.883015013423965e+00 5.717361667095410e+00 2.052572479248047e+02 9.413221359252930e+00
-2.676810828027336e+00 6.695870652197189e+00 2.052572479248047e+02 9.413221359252930e+00
-2.470606642630706e+00 7.674379637298967e+00 2.052572479248047e+02 9.413221359252930e+00
-2.264402457234076e+00 8.652888622400745e+00 2.052572479248047e+02 9.413221359252930e+00
-6.335974223285300e+00 -5.818541968729301e+00 2.165599517822266e+02 1.135468864440918e+01
-6.129770037888670e+00 -4.840032983627522e+00 2.165599517822266e+02 1.135468864440918e+01
-5.923565852492040e+00 -3.861523998525743e+00 2.165599517822266e+02 1.135468864440918e+01
-5.717361667095410e+00 -2.883015013423965e+00 2.444931488037109e+02 1.163823223114014e+01
-5.511157481698781e+00 -1.904506028322187e+00 2.444931488037109e+02 1.163823223114014e+01
-5.304953296302151e+00 -9.259970432204085e-01 2.444931488037109e+02 1.163823223114014e+01
-5.098749110905521e+00 5.251194188136987e-02 2.170599212646484e+02 8.036841392517090e+00
-4.892544925508892e+00 1.031020926983148e+00 2.170599212646484e+02 8.036841392517090e+00
-4.686340740112263e+00 2.009529912084927e+00 2.170599212646484e+02 8.036841392517090e+00
-4.480136554715632e+00 2.988038897186705e+00 2.253302917480469e+02 7.183188915252686e+00
-4.273932369319002e+00 3.966547882288483e+00 2.572415771484375e+02 1.262680912017822e+01
-4.067728183922373e+00 4.945056867390262e+00 2.572415771484375e+02 1.262680912017822e+01
-3.861523998525743e+00 5.923565852492040e+00 2.052572479248047e+02 9.413221359252930e+00
-3.655319813129114e+00 6.902074837593819e+00 2.052572479248047e+02 9.413221359252930e+00
-3.449115627732484e+00 7.880583822695597e+00 2.052572479248047e+02 9.413221359252930e+00
-3.242911442335854e+00 8.859092807797376e+00 2.052572479248047e+02 9.413221359252930e+00
-7.108279022990448e+00 -4.633828798230892e+00 2.444931488037109e+02 1.163823223114014e+01
-6.902074837593819e+00 -3.655319813129114e+00 2.444931488037109e+02 1.163823223114014e+01
-6.695870652197189e+00 -2.676810828027336e+00 2.444931488037109e+02 1.163823223114014e+01
-6.489666466800559e+00 -1.698301842925557e+00 2.444931488037109e+02 1.163823223114014e+01
-6.283462281403930e+00 -7.197928578237789e-01 2.444931488037109e+02 1.163823223114014e+01
-6.077258096007300e+00 2.587161272779995e-01 2.444931488037109e+02 1.163823223114014e+01
-5.871053910610670e+00 1.237225112379778e+00 2.170599212646484e+02 8.036841392517090e+00
-5.664849725214040e+00 2.215734097481556e+00 2.572415771484375e+02 1.262680912017822e+01
-5.458645539817411e+00 3.194243082583335e+00 2.572415771484375e+02 1.262680912017822e+01
-5.252441354420782e+00 4.172752067685114e+00 2.572415771484375e+02 1.262680912017822e+01
-5.046237169024152e+00 5.151261052786891e+00 2.572415771484375e+02 1.262680912017822e+01
-4.840032983627522e+00 6.129770037888670e+00 2.572415771484375e+02 1.262680912017822e+01
-4.633828798230892e+00 7.108279022990448e+00 2.572415771484375e+02 1.262680912017822e+01
-8.086788008092228e+00 -4.427624612834263e+00 2.444931488037109e+02 1.163823223114014e+01
-7.880583822695597e+00 -3.449115627732484e+00 2.444931488037109e+02 1.163823223114014e+01
-7.674379637298967e+00 -2.470606642630706e+00 2.444931488037109e+02 1.163823223114014e+01
-7.468175451902338e+00 -1.492097657528928e+00 2.444931488037109e+02 1.163823223114014e+01
-7.261971266505708e+00 -5.135886724271492e-01 2.444931488037109e+02 1.163823223114014e+01
-7.055767081109078e+00 4.649203126746292e-01 2.444931488037109e+02 1.163823223114014e+01
-6.849562895712449e+00 1.443429297776408e+00 2.444931488037109e+02 1.163823223114014e+01
-6.643358710315820e+00 2.421938282878186e+00 2.572415771484375e+02 1.262680912017822e+01
-6.437154524919189e+00 3.400447267979964e+00 2.572415771484375e+02 1.262680912017822e+01
-6.230950339522559e+00 4.378956253081743e+00 2.572415771484375e+02 1.262680912017822e+01
-6.024746154125930e+00 5.357465238183521e+00 2.572415771484375e+02 1.262680912017822e+01
-5.818541968729301e+00 6.335974223285300e+00 2.572415771484375e+02 1.262680912017822e+01
-8.859092807797376e+00 -3.242911442335854e+00 2.444931488037109e+02 1.163823223114014e+01
-8.652888622400745e+00 -2.264402457234076e+00 2.444931488037109e+02 1.163823223114014e+01
-8.446684437004116e+00 -1.285893472132298e+00 2.444931488037109e+02 1.163823223114014e+01
-8.240480251607487e+00 -3.073844870305196e-01 2.444931488037109e+02 1.163823223114014e+01
-8.034276066210857e+00 6.711244980712588e-01 2.444931488037109e+02 1.163823223114014e+01
-7.828071880814227e+00 1.649633483173037e+00 2.444931488037109e+02 1.163823223114014e+01
-7.621867695417597e+00 2.628142468274816e+00 2.572415771484375e+02 1.262680912017822e+01
-7.415663510020968e+00 3.606651453376594e+00 2.572415771484375e+02 1.262680912017822e+01
-7.209459324624339e+00 4.585160438478372e+00 2.572415771484375e+02 1.262680912017822e+01
-7.003255139227709e+00 5.563669423580151e+00 2.572415771484375e+02 1.262680912017822e+01
-6.797050953831079e+00 6.542178408681929e+00 2.572415771484375e+02 1.262680912017822e+01
-9.837601792899154e+00 -3.036707256939225e+00 2.444931488037109e+02 1.163823223114014e+01
-9.631397607502524e+00 -2.058198271837447e+00 2.444931488037109e+02 1.163823223114014e+01
-9.425193422105895e+00 -1.079689286735668e+00 2.444931488037109e+02 1.163823223114014e+01
-9.218989236709266e+00 -1.011803016338899e-01 2.444931488037109e+02 1.163823223114014e+01
-9.012785051312635e+00 8.773286834678885e-01 2.444931488037109e+02 1.163823223114014e+01
-8.806580865916006e+00 1.855837668569667e+00 2.444931488037109e+02 1.163823223114014e+01
-8.600376680519377e+00 2.834346653671445e+00 2.572415771484375e+02 1.262680912017822e+01
-8.394172495122746e+00 3.812855638773224e+00 2.572415771484375e+02 1.262680912017822e+01
-8.187968309726116e+00 4.791364623875002e+00 2.572415771484375e+02 1.262680912017822e+01
-1.040370240720767e+01 -8.734851013390386e-01 2.444931488037109e+02 1.163823223114014e+01
-1.019749822181104e+01 1.050238837627397e-01 2.444931488037109e+02 1.163823223114014e+01
-9.991294036414413e+00 1.083532868864518e+00 2.444931488037109e+02 1.163823223114014e+01
-9.785089851017784e+00 2.062041853966297e+00 2.444931488037109e+02 1.163823223114014e+01
-9.578885665621154e+00 3.040550839068075e+00 2.572415771484375e+02 1.262680912017822e+01
