# y_px x_px signal noise
1.900000000000000000e+01 2.800000000000000000e+01 4.526635646820068359e+00 2.242308616638183594e+00
1.900000000000000000e+01 2.900000000000000000e+01 4.815150737762451172e+00 2.233399629592895508e+00
1.900000000000000000e+01 3.000000000000000000e+01 4.919028759002685547e+00 2.272640705108642578e+00
1.900000000000000000e+01 3.100000000000000000e+01 4.722842693328857422e+00 2.286760091781616211e+00
2.000000000000000000e+01 2.500000000000000000e+01 4.356204509735107422e+00 2.154483318328857422e+00
2.000000000000000000e+01 2.600000000000000000e+01 4.796610355377197266e+00 2.131965875625610352e+00
2.000000000000000000e+01 2.700000000000000000e+01 5.254515171051025391e+00 2.236727237701416016e+00
2.000000000000000000e+01 2.800000000000000000e+01 5.605241298675537109e+00 2.255698442459106445e+00
2.000000000000000000e+01 2.900000000000000000e+01 5.837259292602539062e+00 2.254022121429443359e+00
2.000000000000000000e+01 3.000000000000000000e+01 5.881903171539306641e+00 2.289563179016113281e+00
2.000000000000000000e+01 3.100000000000000000e+01 5.768590450286865234e+00 2.312516212463378906e+00
2.000000000000000000e+01 3.200000000000000000e+01 5.337534427642822266e+00 2.343953847885131836e+00
2.000000000000000000e+01 3.300000000000000000e+01 5.045292377471923828e+00 2.236787080764770508e+00
2.000000000000000000e+01 3.400000000000000000e+01 4.663099288940429688e+00 2.277279138565063477e+00
2.100000000000000000e+01 2.500000000000000000e+01 5.175825595855712891e+00 2.184543371200561523e+00
2.100000000000000000e+01 2.600000000000000000e+01 5.948482990264892578e+00 2.160677433013916016e+00
2.100000000000000000e+01 2.700000000000000000e+01 6.546689033508300781e+00 2.274382829666137695e+00
2.100000000000000000e+01 2.800000000000000000e+01 6.993906021118164062e+00 2.273613214492797852e+00
2.100000000000000000e+01 2.900000000000000000e+01 7.297650814056396484e+00 2.262310504913330078e+00
2.100000000000000000e+01 3.000000000000000000e+01 7.390098094940185547e+00 2.306440591812133789e+00
2.100000000000000000e+01 3.100000000000000000e+01 7.201665878295898438e+00 2.329437732696533203e+00
2.100000000000000000e+01 3.200000000000000000e+01 6.607368946075439453e+00 2.363906621932983398e+00
2.100000000000000000e+01 3.300000000000000000e+01 6.108513832092285156e+00 2.238089799880981445e+00
2.100000000000000000e+01 3.400000000000000000e+01 5.370415687561035156e+00 2.280482053756713867e+00
2.200000000000000000e+01 2.400000000000000000e+01 5.316145420074462891e+00 2.292296886444091797e+00
2.200000000000000000e+01 2.500000000000000000e+01 6.343574523925781250e+00 2.275896787643432617e+00
2.200000000000000000e+01 2.600000000000000000e+01 7.268877506256103516e+00 2.252307176589965820e+00
2.200000000000000000e+01 2.700000000000000000e+01 8.244280815124511719e+00 2.383978843688964844e+00
2.200000000000000000e+01 2.800000000000000000e+01 8.994846343994140625e+00 2.401971340179443359e+00
2.200000000000000000e+01 2.900000000000000000e+01 9.504029273986816406e+00 2.385728120803833008e+00
2.200000000000000000e+01 3.000000000000000000e+01 9.635660171508789062e+00 2.395000219345092773e+00
2.200000000000000000e+01 3.100000000000000000e+01 9.051435470581054688e+00 2.436559200286865234e+00
2.200000000000000000e+01 3.200000000000000000e+01 8.178646087646484375e+00 2.455772876739501953e+00
2.200000000000000000e+01 3.300000000000000000e+01 7.408718109130859375e+00 2.322925329208374023e+00
2.200000000000000000e+01 3.400000000000000000e+01 6.387744903564453125e+00 2.363120794296264648e+00
2.200000000000000000e+01 3.500000000000000000e+01 5.429820060729980469e+00 2.491058826446533203e+00
2.300000000000000000e+01 2.300000000000000000e+01 5.207908153533935547e+00 2.191359043121337891e+00
2.300000000000000000e+01 2.400000000000000000e+01 6.407998561859130859e+00 2.188147783279418945e+00
2.300000000000000000e+01 2.500000000000000000e+01 7.655136108398437500e+00 2.173966646194458008e+00
2.300000000000000000e+01 2.600000000000000000e+01 9.070182800292968750e+00 2.157385349273681641e+00
2.300000000000000000e+01 2.700000000000000000e+01 1.051155281066894531e+01 2.306260585784912109e+00
2.300000000000000000e+01 2.800000000000000000e+01 1.164048576354980469e+01 2.324317216873168945e+00
2.300000000000000000e+01 2.900000000000000000e+01 1.224652290344238281e+01 2.332859039306640625e+00
2.300000000000000000e+01 3.000000000000000000e+01 1.224969482421875000e+01 2.330889701843261719e+00
2.300000000000000000e+01 3.100000000000000000e+01 1.172555637359619141e+01 2.382307052612304688e+00
2.300000000000000000e+01 3.200000000000000000e+01 1.046073722839355469e+01 2.391081809997558594e+00
2.300000000000000000e+01 3.300000000000000000e+01 9.327824592590332031e+00 2.249525547027587891e+00
2.300000000000000000e+01 3.400000000000000000e+01 7.787889003753662109e+00 2.292383432388305664e+00
2.300000000000000000e+01 3.500000000000000000e+01 6.334908485412597656e+00 2.423284053802490234e+00
2.300000000000000000e+01 3.600000000000000000e+01 5.081584930419921875e+00 2.303779363632202148e+00
2.300000000000000000e+01 3.700000000000000000e+01 4.275009632110595703e+00 2.113072395324707031e+00
2.400000000000000000e+01 2.200000000000000000e+01 4.916406631469726562e+00 2.272855043411254883e+00
2.400000000000000000e+01 2.300000000000000000e+01 6.099485397338867188e+00 2.218635082244873047e+00
2.400000000000000000e+01 2.400000000000000000e+01 7.587659835815429688e+00 2.222198486328125000e+00
2.400000000000000000e+01 2.700000000000000000e+01 1.323848056793212891e+01 2.368645429611206055e+00
2.400000000000000000e+01 2.800000000000000000e+01 1.505005931854248047e+01 2.404197454452514648e+00
2.400000000000000000e+01 2.900000000000000000e+01 1.623691940307617188e+01 2.416994810104370117e+00
2.400000000000000000e+01 3.000000000000000000e+01 1.636555862426757812e+01 2.420957326889038086e+00
2.400000000000000000e+01 3.100000000000000000e+01 1.532269668579101562e+01 2.455250740051269531e+00
2.400000000000000000e+01 3.200000000000000000e+01 1.347167015075683594e+01 2.450084447860717773e+00
2.400000000000000000e+01 3.300000000000000000e+01 1.125905418395996094e+01 2.287920951843261719e+00
2.400000000000000000e+01 3.400000000000000000e+01 9.331238746643066406e+00 2.322775125503540039e+00
2.400000000000000000e+01 3.500000000000000000e+01 7.473767757415771484e+00 2.416511774063110352e+00
2.400000000000000000e+01 3.600000000000000000e+01 5.802263259887695312e+00 2.334676027297973633e+00
2.400000000000000000e+01 3.700000000000000000e+01 4.712993621826171875e+00 2.122819423675537109e+00
2.500000000000000000e+01 2.200000000000000000e+01 5.402981758117675781e+00 2.360414505004882812e+00
2.500000000000000000e+01 2.300000000000000000e+01 6.903542995452880859e+00 2.311428070068359375e+00
2.500000000000000000e+01 2.400000000000000000e+01 8.816202163696289062e+00 2.331912517547607422e+00
2.500000000000000000e+01 2.600000000000000000e+01 1.405182170867919922e+01 2.358160734176635742e+00
2.500000000000000000e+01 2.700000000000000000e+01 1.700790977478027344e+01 2.519341230392456055e+00
2.500000000000000000e+01 2.800000000000000000e+01 1.999945068359375000e+01 2.578545808792114258e+00
2.500000000000000000e+01 2.900000000000000000e+01 2.194569396972656250e+01 2.606428861618041992e+00
2.500000000000000000e+01 3.000000000000000000e+01 2.220300483703613281e+01 2.616236925125122070e+00
2.500000000000000000e+01 3.100000000000000000e+01 2.025880813598632812e+01 2.630648851394653320e+00
2.500000000000000000e+01 3.200000000000000000e+01 1.733751678466796875e+01 2.588314533233642578e+00
2.500000000000000000e+01 3.300000000000000000e+01 1.405202293395996094e+01 2.413270711898803711e+00
2.500000000000000000e+01 3.400000000000000000e+01 1.123691749572753906e+01 2.428614139556884766e+00
2.500000000000000000e+01 3.500000000000000000e+01 8.755509376525878906e+00 2.525126218795776367e+00
2.500000000000000000e+01 3.600000000000000000e+01 6.689871788024902344e+00 2.434591770172119141e+00
2.500000000000000000e+01 3.700000000000000000e+01 5.188960075378417969e+00 2.218079566955566406e+00
2.600000000000000000e+01 2.100000000000000000e+01 4.827096462249755859e+00 2.223808526992797852e+00
2.600000000000000000e+01 2.200000000000000000e+01 6.005806922912597656e+00 2.268019914627075195e+00
2.600000000000000000e+01 2.300000000000000000e+01 7.740531444549560547e+00 2.210193634033203125e+00
2.600000000000000000e+01 2.400000000000000000e+01 1.007513523101806641e+01 2.238139867782592773e+00
2.600000000000000000e+01 2.500000000000000000e+01 1.309389114379882812e+01 2.269081115722656250e+00
2.600000000000000000e+01 2.600000000000000000e+01 1.729284667968750000e+01 2.299440145492553711e+00
2.600000000000000000e+01 2.700000000000000000e+01 2.188823318481445312e+01 2.494549036026000977e+00
2.600000000000000000e+01 2.800000000000000000e+01 2.656410217285156250e+01 2.564368247985839844e+00
2.600000000000000000e+01 2.900000000000000000e+01 2.958092117309570312e+01 2.629935264587402344e+00
2.600000000000000000e+01 3.000000000000000000e+01 2.995284461975097656e+01 2.686686515808105469e+00
2.600000000000000000e+01 3.100000000000000000e+01 2.696773529052734375e+01 2.641607284545898438e+00
2.600000000000000000e+01 3.200000000000000000e+01 2.195085144042968750e+01 2.557666301727294922e+00
2.600000000000000000e+01 3.300000000000000000e+01 1.732501983642578125e+01 2.367347717285156250e+00
2.600000000000000000e+01 3.400000000000000000e+01 1.321463871002197266e+01 2.364218950271606445e+00
2.600000000000000000e+01 3.500000000000000000e+01 1.015856266021728516e+01 2.441775798797607422e+00
2.600000000000000000e+01 3.600000000000000000e+01 7.522260189056396484e+00 2.344036817550659180e+00
2.600000000000000000e+01 3.700000000000000000e+01 5.840080261230468750e+00 2.132009506225585938e+00
2.600000000000000000e+01 3.800000000000000000e+01 4.513801574707031250e+00 2.141443967819213867e+00
2.700000000000000000e+01 2.100000000000000000e+01 4.971487522125244141e+00 2.310811996459960938e+00
2.700000000000000000e+01 2.200000000000000000e+01 6.696852207183837891e+00 2.360424041748046875e+00
2.700000000000000000e+01 2.400000000000000000e+01 1.133613777160644531e+01 2.347850561141967773e+00
2.700000000000000000e+01 2.500000000000000000e+01 1.532507991790771484e+01 2.404548168182373047e+00
2.700000000000000000e+01 2.600000000000000000e+01 2.070012855529785156e+01 2.451940059661865234e+00
2.700000000000000000e+01 2.700000000000000000e+01 2.720952796936035156e+01 2.671844482421875000e+00
2.700000000000000000e+01 2.800000000000000000e+01 3.430057525634765625e+01 2.787180662155151367e+00
2.700000000000000000e+01 2.900000000000000000e+01 3.944928741455078125e+01 2.907890319824218750e+00
2.700000000000000000e+01 3.000000000000000000e+01 3.976342391967773438e+01 2.918400526046752930e+00
2.700000000000000000e+01 3.100000000000000000e+01 3.408572387695312500e+01 2.828262805938720703e+00
2.700000000000000000e+01 3.200000000000000000e+01 2.694993782043457031e+01 2.686294078826904297e+00
2.700000000000000000e+01 3.300000000000000000e+01 2.015353965759277344e+01 2.468241691589355469e+00
2.700000000000000000e+01 3.400000000000000000e+01 1.477468395233154297e+01 2.434875965118408203e+00
2.700000000000000000e+01 3.500000000000000000e+01 1.105296611785888672e+01 2.479041337966918945e+00
2.700000000000000000e+01 3.600000000000000000e+01 8.118586540222167969e+00 2.407312870025634766e+00
2.700000000000000000e+01 3.700000000000000000e+01 6.296387195587158203e+00 2.189213752746582031e+00
2.700000000000000000e+01 3.800000000000000000e+01 4.562740325927734375e+00 2.187348842620849609e+00
2.800000000000000000e+01 2.100000000000000000e+01 5.340076923370361328e+00 2.316189289093017578e+00
2.800000000000000000e+01 2.200000000000000000e+01 7.092307567596435547e+00 2.368808746337890625e+00
2.800000000000000000e+01 2.400000000000000000e+01 1.257562446594238281e+01 2.381567239761352539e+00
2.800000000000000000e+01 2.500000000000000000e+01 1.732935523986816406e+01 2.460012197494506836e+00
2.800000000000000000e+01 2.600000000000000000e+01 2.391152763366699219e+01 2.520443439483642578e+00
2.800000000000000000e+01 2.700000000000000000e+01 3.244356536865234375e+01 2.771960496902465820e+00
2.800000000000000000e+01 2.800000000000000000e+01 4.247713470458984375e+01 2.939601659774780273e+00
2.800000000000000000e+01 2.900000000000000000e+01 4.944717788696289062e+01 3.033103704452514648e+00
2.800000000000000000e+01 3.000000000000000000e+01 4.901627349853515625e+01 3.048295021057128906e+00
2.800000000000000000e+01 3.100000000000000000e+01 4.145555496215820312e+01 2.993733882904052734e+00
2.800000000000000000e+01 3.200000000000000000e+01 3.110889244079589844e+01 2.801670074462890625e+00
2.800000000000000000e+01 3.300000000000000000e+01 2.253577804565429688e+01 2.561707019805908203e+00
2.800000000000000000e+01 3.400000000000000000e+01 1.613149261474609375e+01 2.521181583404541016e+00
2.800000000000000000e+01 3.500000000000000000e+01 1.182763195037841797e+01 2.606567382812500000e+00
2.800000000000000000e+01 3.600000000000000000e+01 8.570445060729980469e+00 2.560501098632812500e+00
2.800000000000000000e+01 3.700000000000000000e+01 6.476086616516113281e+00 2.309124231338500977e+00
2.800000000000000000e+01 3.800000000000000000e+01 4.799675464630126953e+00 2.333411693572998047e+00
2.900000000000000000e+01 2.100000000000000000e+01 5.516283988952636719e+00 2.271887063980102539e+00
2.900000000000000000e+01 2.200000000000000000e+01 7.264574527740478516e+00 2.315071582794189453e+00
2.900000000000000000e+01 2.400000000000000000e+01 1.295419597625732422e+01 2.343333721160888672e+00
2.900000000000000000e+01 2.500000000000000000e+01 1.804296302795410156e+01 2.419599294662475586e+00
2.900000000000000000e+01 2.600000000000000000e+01 2.504815101623535156e+01 2.476138591766357422e+00
2.900000000000000000e+01 2.700000000000000000e+01 3.477018356323242188e+01 2.753026962280273438e+00
2.900000000000000000e+01 2.800000000000000000e+01 4.565797805786132812e+01 2.887300014495849609e+00
2.900000000000000000e+01 2.900000000000000000e+01 5.293583679199218750e+01 3.007503747940063477e+00
2.900000000000000000e+01 3.000000000000000000e+01 5.199311828613281250e+01 3.012782573699951172e+00
2.900000000000000000e+01 3.100000000000000000e+01 4.313870239257812500e+01 2.923926115036010742e+00
2.900000000000000000e+01 3.200000000000000000e+01 3.180129623413085938e+01 2.709780693054199219e+00
2.900000000000000000e+01 3.300000000000000000e+01 2.265069961547851562e+01 2.460264205932617188e+00
2.900000000000000000e+01 3.400000000000000000e+01 1.621249389648437500e+01 2.412667274475097656e+00
2.900000000000000000e+01 3.500000000000000000e+01 1.153905296325683594e+01 2.479783773422241211e+00
2.900000000000000000e+01 3.600000000000000000e+01 8.529172897338867188e+00 2.358965635299682617e+00
2.900000000000000000e+01 3.700000000000000000e+01 6.424673557281494141e+00 2.146023750305175781e+00
2.900000000000000000e+01 3.800000000000000000e+01 4.770553588867187500e+00 2.160367488861083984e+00
3.000000000000000000e+01 2.100000000000000000e+01 5.380183696746826172e+00 2.335993289947509766e+00
3.000000000000000000e+01 2.200000000000000000e+01 7.210693359375000000e+00 2.425851583480834961e+00
3.000000000000000000e+01 2.400000000000000000e+01 1.289108371734619141e+01 2.442503452301025391e+00
3.000000000000000000e+01 2.500000000000000000e+01 1.770138740539550781e+01 2.506384611129760742e+00
3.000000000000000000e+01 2.600000000000000000e+01 2.447002601623535156e+01 2.562018394470214844e+00
3.000000000000000000e+01 2.700000000000000000e+01 3.367918395996093750e+01 2.845319509506225586e+00
3.000000000000000000e+01 2.800000000000000000e+01 4.352847671508789062e+01 2.994875907897949219e+00
3.000000000000000000e+01 2.900000000000000000e+01 4.962388610839843750e+01 3.113964319229125977e+00
3.000000000000000000e+01 3.000000000000000000e+01 4.794458389282226562e+01 3.156783103942871094e+00
3.000000000000000000e+01 3.100000000000000000e+01 3.973657989501953125e+01 3.039965867996215820e+00
3.000000000000000000e+01 3.200000000000000000e+01 2.936463546752929688e+01 2.819484233856201172e+00
3.000000000000000000e+01 3.300000000000000000e+01 2.123415946960449219e+01 2.580406904220581055e+00
3.000000000000000000e+01 3.400000000000000000e+01 1.530248641967773438e+01 2.510642528533935547e+00
3.000000000000000000e+01 3.500000000000000000e+01 1.104760360717773438e+01 2.507480621337890625e+00
3.000000000000000000e+01 3.600000000000000000e+01 8.034934043884277344e+00 2.531956434249877930e+00
3.000000000000000000e+01 3.700000000000000000e+01 6.097692966461181641e+00 2.270636558532714844e+00
3.000000000000000000e+01 3.800000000000000000e+01 4.836558341979980469e+00 2.320258140563964844e+00
3.100000000000000000e+01 2.100000000000000000e+01 5.236761093139648438e+00 2.326837301254272461e+00
3.100000000000000000e+01 2.200000000000000000e+01 6.843461990356445312e+00 2.388439655303955078e+00
3.100000000000000000e+01 2.300000000000000000e+01 9.118478775024414062e+00 2.282027959823608398e+00
3.100000000000000000e+01 2.400000000000000000e+01 1.211147785186767578e+01 2.345243215560913086e+00
3.100000000000000000e+01 2.500000000000000000e+01 1.639953613281250000e+01 2.386312246322631836e+00
3.100000000000000000e+01 2.600000000000000000e+01 2.190343284606933594e+01 2.428240299224853516e+00
3.100000000000000000e+01 2.700000000000000000e+01 2.885376739501953125e+01 2.642295122146606445e+00
3.100000000000000000e+01 2.800000000000000000e+01 3.583899307250976562e+01 2.729695081710815430e+00
3.100000000000000000e+01 2.900000000000000000e+01 3.962454605102539062e+01 2.771141290664672852e+00
3.100000000000000000e+01 3.000000000000000000e+01 3.857818984985351562e+01 2.854397058486938477e+00
3.100000000000000000e+01 3.100000000000000000e+01 3.211712646484375000e+01 2.813536405563354492e+00
3.100000000000000000e+01 3.200000000000000000e+01 2.513188552856445312e+01 2.686923503875732422e+00
3.100000000000000000e+01 3.300000000000000000e+01 1.873380470275878906e+01 2.483677387237548828e+00
3.100000000000000000e+01 3.400000000000000000e+01 1.369254302978515625e+01 2.427423238754272461e+00
3.100000000000000000e+01 3.500000000000000000e+01 1.010602188110351562e+01 2.465447664260864258e+00
3.100000000000000000e+01 3.600000000000000000e+01 7.461505413055419922e+00 2.401555538177490234e+00
3.100000000000000000e+01 3.700000000000000000e+01 5.707437992095947266e+00 2.263696432113647461e+00
3.100000000000000000e+01 3.800000000000000000e+01 4.594239711761474609e+00 2.261798143386840820e+00
3.200000000000000000e+01 2.100000000000000000e+01 5.093452453613281250e+00 2.292627811431884766e+00
3.200000000000000000e+01 2.200000000000000000e+01 6.662745952606201172e+00 2.330345392227172852e+00
3.200000000000000000e+01 2.300000000000000000e+01 8.528799057006835938e+00 2.327013731002807617e+00
3.200000000000000000e+01 2.400000000000000000e+01 1.097816181182861328e+01 2.342886686325073242e+00
3.200000000000000000e+01 2.500000000000000000e+01 1.438336181640625000e+01 2.369293928146362305e+00
3.200000000000000000e+01 2.600000000000000000e+01 1.860159492492675781e+01 2.405667543411254883e+00
3.200000000000000000e+01 2.700000000000000000e+01 2.343638420104980469e+01 2.564825773239135742e+00
3.200000000000000000e+01 2.800000000000000000e+01 2.781364440917968750e+01 2.615564346313476562e+00
3.200000000000000000e+01 2.900000000000000000e+01 2.976346778869628906e+01 2.634657144546508789e+00
3.200000000000000000e+01 3.000000000000000000e+01 2.888020515441894531e+01 2.674020051956176758e+00
3.200000000000000000e+01 3.100000000000000000e+01 2.519096183776855469e+01 2.655012607574462891e+00
3.200000000000000000e+01 3.200000000000000000e+01 2.020486640930175781e+01 2.573237657546997070e+00
3.200000000000000000e+01 3.300000000000000000e+01 1.554600620269775391e+01 2.430650711059570312e+00
3.200000000000000000e+01 3.400000000000000000e+01 1.185774993896484375e+01 2.326288461685180664e+00
3.200000000000000000e+01 3.500000000000000000e+01 8.665095329284667969e+00 2.431233167648315430e+00
3.200000000000000000e+01 3.600000000000000000e+01 6.794048309326171875e+00 2.235405445098876953e+00
3.200000000000000000e+01 3.700000000000000000e+01 5.385996341705322266e+00 2.176355600357055664e+00
3.300000000000000000e+01 2.200000000000000000e+01 5.905447959899902344e+00 2.317446947097778320e+00
3.300000000000000000e+01 2.300000000000000000e+01 7.751795291900634766e+00 2.319085836410522461e+00
3.300000000000000000e+01 2.400000000000000000e+01 9.607151985168457031e+00 2.322980403900146484e+00
3.300000000000000000e+01 2.500000000000000000e+01 1.211898040771484375e+01 2.348126649856567383e+00
3.300000000000000000e+01 2.600000000000000000e+01 1.494941425323486328e+01 2.358297824859619141e+00
3.300000000000000000e+01 2.700000000000000000e+01 1.802522277832031250e+01 2.499305725097656250e+00
3.300000000000000000e+01 2.800000000000000000e+01 2.084661483764648438e+01 2.523199319839477539e+00
3.300000000000000000e+01 2.900000000000000000e+01 2.195086479187011719e+01 2.561617374420166016e+00
3.300000000000000000e+01 3.000000000000000000e+01 2.141262817382812500e+01 2.613626241683959961e+00
3.300000000000000000e+01 3.100000000000000000e+01 1.911836433410644531e+01 2.618734121322631836e+00
3.300000000000000000e+01 3.200000000000000000e+01 1.613773345947265625e+01 2.543149232864379883e+00
3.300000000000000000e+01 3.300000000000000000e+01 1.290108203887939453e+01 2.437886714935302734e+00
3.300000000000000000e+01 3.400000000000000000e+01 1.002441596984863281e+01 2.337562322616577148e+00
3.300000000000000000e+01 3.500000000000000000e+01 7.718771934509277344e+00 2.380852222442626953e+00
3.300000000000000000e+01 3.600000000000000000e+01 6.212130546569824219e+00 2.268578290939331055e+00
3.300000000000000000e+01 3.700000000000000000e+01 4.838139057159423828e+00 2.172307968139648438e+00
3.400000000000000000e+01 2.200000000000000000e+01 5.422620296478271484e+00 2.280057191848754883e+00
3.400000000000000000e+01 2.300000000000000000e+01 6.602753162384033203e+00 2.248972177505493164e+00
3.400000000000000000e+01 2.400000000000000000e+01 8.157992362976074219e+00 2.265177488327026367e+00
3.400000000000000000e+01 2.500000000000000000e+01 1.004827308654785156e+01 2.255517005920410156e+00
3.400000000000000000e+01 2.600000000000000000e+01 1.207892417907714844e+01 2.239279985427856445e+00
3.400000000000000000e+01 2.700000000000000000e+01 1.402022933959960938e+01 2.346887588500976562e+00
3.400000000000000000e+01 2.800000000000000000e+01 1.555360412597656250e+01 2.376157522201538086e+00
3.400000000000000000e+01 2.900000000000000000e+01 1.626895523071289062e+01 2.376271486282348633e+00
3.400000000000000000e+01 3.000000000000000000e+01 1.575563049316406250e+01 2.422572135925292969e+00
3.400000000000000000e+01 3.100000000000000000e+01 1.445978355407714844e+01 2.452371597290039062e+00
3.400000000000000000e+01 3.200000000000000000e+01 1.241360950469970703e+01 2.441897869110107422e+00
3.400000000000000000e+01 3.300000000000000000e+01 1.046643924713134766e+01 2.345115661621093750e+00
3.400000000000000000e+01 3.400000000000000000e+01 8.428224563598632812e+00 2.243647098541259766e+00
3.400000000000000000e+01 3.500000000000000000e+01 6.405042171478271484e+00 2.307511091232299805e+00
3.400000000000000000e+01 3.600000000000000000e+01 5.268034458160400391e+00 2.204160451889038086e+00
3.400000000000000000e+01 3.700000000000000000e+01 4.212684631347656250e+00 2.105311632156372070e+00
3.500000000000000000e+01 2.300000000000000000e+01 5.529589653015136719e+00 2.259633302688598633e+00
3.500000000000000000e+01 2.400000000000000000e+01 6.791610717773437500e+00 2.279206275939941406e+00
3.500000000000000000e+01 2.500000000000000000e+01 8.060544967651367188e+00 2.255614519119262695e+00
3.500000000000000000e+01 2.600000000000000000e+01 9.633812904357910156e+00 2.242890119552612305e+00
3.500000000000000000e+01 2.700000000000000000e+01 1.085014533996582031e+01 2.327691555023193359e+00
3.500000000000000000e+01 2.800000000000000000e+01 1.176856994628906250e+01 2.329659700393676758e+00
3.500000000000000000e+01 2.900000000000000000e+01 1.213286209106445312e+01 2.333997249603271484e+00
3.500000000000000000e+01 3.000000000000000000e+01 1.180364322662353516e+01 2.381305456161499023e+00
3.500000000000000000e+01 3.100000000000000000e+01 1.116277217864990234e+01 2.416656494140625000e+00
3.500000000000000000e+01 3.200000000000000000e+01 9.765905380249023438e+00 2.417934894561767578e+00
3.500000000000000000e+01 3.300000000000000000e+01 8.271707534790039062e+00 2.323701381683349609e+00
3.500000000000000000e+01 3.400000000000000000e+01 6.829355716705322266e+00 2.274657964706420898e+00
3.500000000000000000e+01 3.500000000000000000e+01 5.587367057800292969e+00 2.339815616607666016e+00
3.600000000000000000e+01 2.300000000000000000e+01 4.857297897338867188e+00 2.252848148345947266e+00
3.600000000000000000e+01 2.400000000000000000e+01 5.738154888153076172e+00 2.257740497589111328e+00
3.600000000000000000e+01 2.500000000000000000e+01 6.820335865020751953e+00 2.251124382019042969e+00
3.600000000000000000e+01 2.600000000000000000e+01 7.557936191558837891e+00 2.213772296905517578e+00
3.600000000000000000e+01 2.700000000000000000e+01 8.462157249450683594e+00 2.308427572250366211e+00
3.600000000000000000e+01 2.800000000000000000e+01 9.058292388916015625e+00 2.302694797515869141e+00
3.600000000000000000e+01 2.900000000000000000e+01 9.266751289367675781e+00 2.312700748443603516e+00
3.600000000000000000e+01 3.000000000000000000e+01 9.314159393310546875e+00 2.347683429718017578e+00
3.600000000000000000e+01 3.100000000000000000e+01 8.561391830444335938e+00 2.375848531723022461e+00
3.600000000000000000e+01 3.200000000000000000e+01 7.748083591461181641e+00 2.396420717239379883e+00
3.600000000000000000e+01 3.300000000000000000e+01 6.724415302276611328e+00 2.299083948135375977e+00
3.600000000000000000e+01 3.400000000000000000e+01 5.683637142181396484e+00 2.254467725753784180e+00
3.700000000000000000e+01 2.400000000000000000e+01 4.839785575866699219e+00 2.241963624954223633e+00
3.700000000000000000e+01 2.500000000000000000e+01 5.558087348937988281e+00 2.224387884140014648e+00
3.700000000000000000e+01 2.600000000000000000e+01 6.200666904449462891e+00 2.190901756286621094e+00
3.700000000000000000e+01 2.700000000000000000e+01 6.671053409576416016e+00 2.278010368347167969e+00
3.700000000000000000e+01 2.800000000000000000e+01 7.083704948425292969e+00 2.272369384765625000e+00
3.700000000000000000e+01 2.900000000000000000e+01 7.217284679412841797e+00 2.265241622924804688e+00
3.700000000000000000e+01 3.000000000000000000e+01 7.182348251342773438e+00 2.311197757720947266e+00
3.700000000000000000e+01 3.100000000000000000e+01 6.885593891143798828e+00 2.350580215454101562e+00
3.700000000000000000e+01 3.200000000000000000e+01 6.251130104064941406e+00 2.382492303848266602e+00
3.700000000000000000e+01 3.300000000000000000e+01 5.535429477691650391e+00 2.296364784240722656e+00
3.700000000000000000e+01 3.400000000000000000e+01 4.554352760314941406e+00 2.248191833496093750e+00
3.800000000000000000e+01 2.400000000000000000e+01 4.370229244232177734e+00 2.163779735565185547e+00
3.800000000000000000e+01 2.500000000000000000e+01 4.746914863586425781e+00 2.137461662292480469e+00
3.800000000000000000e+01 2.600000000000000000e+01 5.067946910858154297e+00 2.099571943283081055e+00
3.800000000000000000e+01 2.700000000000000000e+01 5.469324111938476562e+00 2.192875623703002930e+00
3.800000000000000000e+01 2.800000000000000000e+01 5.600599765777587891e+00 2.186734676361083984e+00
3.800000000000000000e+01 2.900000000000000000e+01 5.412769317626953125e+00 2.158792734146118164e+00
3.800000000000000000e+01 3.000000000000000000e+01 5.537608146667480469e+00 2.216073036193847656e+00
3.800000000000000000e+01 3.100000000000000000e+01 5.447412014007568359e+00 2.277590274810791016e+00
3.800000000000000000e+01 3.200000000000000000e+01 5.021883964538574219e+00 2.317211151123046875e+00
3.900000000000000000e+01 2.600000000000000000e+01 4.276525020599365234e+00 2.121803998947143555e+00
3.900000000000000000e+01 2.700000000000000000e+01 4.568590641021728516e+00 2.206325292587280273e+00
3.900000000000000000e+01 2.800000000000000000e+01 4.687613964080810547e+00 2.171443939208984375e+00
3.900000000000000000e+01 2.900000000000000000e+01 4.558432579040527344e+00 2.139884710311889648e+00
3.900000000000000000e+01 3.000000000000000000e+01 4.503393173217773438e+00 2.183820724487304688e+00
