# Vel [km/s] 	 Disp [km/s]
1.59931e+02 	 2.37376e+02
1.61846e+02 	 2.44645e+02
1.57380e+02 	 2.29293e+02
1.59438e+02 	 2.27077e+02
1.64499e+02 	 2.39256e+02
1.51684e+02 	 2.34127e+02
1.67480e+02 	 2.37427e+02
1.64409e+02 	 2.39858e+02
1.52697e+02 	 2.38958e+02
1.55239e+02 	 2.38974e+02
1.55007e+02 	 2.45590e+02
1.58737e+02 	 2.47265e+02
1.59911e+02 	 2.44640e+02
1.47871e+02 	 2.42653e+02
1.57729e+02 	 2.45795e+02
1.58209e+02 	 2.47233e+02
1.64370e+02 	 2.50666e+02
1.58004e+02 	 2.36881e+02
1.57495e+02 	 2.43377e+02
1.56884e+02 	 2.48887e+02
1.55666e+02 	 2.29127e+02
1.54514e+02 	 2.33807e+02
1.56144e+02 	 2.45154e+02
1.60123e+02 	 2.50194e+02
1.59058e+02 	 2.38355e+02
1.50714e+02 	 2.32705e+02
1.64560e+02 	 2.42274e+02
1.64402e+02 	 2.45636e+02
1.64948e+02 	 2.34356e+02
1.66608e+02 	 2.52675e+02
1.60811e+02 	 2.32119e+02
1.57440e+02 	 2.39884e+02
1.61250e+02 	 2.43168e+02
1.60947e+02 	 2.53543e+02
1.55936e+02 	 2.40209e+02
1.60790e+02 	 2.49671e+02
1.73175e+02 	 2.39821e+02
1.66978e+02 	 2.33198e+02
1.61258e+02 	 2.34170e+02
1.57642e+02 	 2.45439e+02
1.67202e+02 	 2.37534e+02
1.80180e+02 	 2.29837e+02
1.68275e+02 	 2.42439e+02
1.46052e+02 	 2.34170e+02
1.67642e+02 	 2.53028e+02
1.66715e+02 	 2.48459e+02
1.57317e+02 	 2.33042e+02
1.65648e+02 	 2.49916e+02
1.60345e+02 	 2.57964e+02
1.61196e+02 	 2.39696e+02
1.58328e+02 	 2.46658e+02
1.59397e+02 	 2.40676e+02
1.56796e+02 	 2.40161e+02
1.55508e+02 	 2.45936e+02
1.66635e+02 	 2.40807e+02
1.56413e+02 	 2.39697e+02
1.60932e+02 	 2.37128e+02
1.58012e+02 	 2.42960e+02
1.67495e+02 	 2.29021e+02
1.61478e+02 	 2.33790e+02
1.64885e+02 	 2.37668e+02
1.61385e+02 	 2.44371e+02
1.64102e+02 	 2.42812e+02
1.55134e+02 	 2.40001e+02
1.62929e+02 	 2.45009e+02
1.72766e+02 	 2.46739e+02
1.59435e+02 	 2.48993e+02
1.63412e+02 	 2.39545e+02
1.63321e+02 	 2.33224e+02
1.56834e+02 	 2.33398e+02
1.50760e+02 	 2.24533e+02
1.71946e+02 	 2.28787e+02
1.57395e+02 	 2.41107e+02
1.62119e+02 	 2.34425e+02
1.60956e+02 	 2.42073e+02
1.71019e+02 	 2.51132e+02
1.60400e+02 	 2.50521e+02
1.70329e+02 	 2.50894e+02
1.59513e+02 	 2.49566e+02
1.59602e+02 	 2.32416e+02
1.59161e+02 	 2.36486e+02
1.58340e+02 	 2.34319e+02
1.61407e+02 	 2.38239e+02
1.60026e+02 	 2.33443e+02
1.64148e+02 	 2.31841e+02
1.53697e+02 	 2.49153e+02
1.57457e+02 	 2.56957e+02
1.66813e+02 	 2.57385e+02
1.52479e+02 	 2.36356e+02
1.62691e+02 	 2.37241e+02
1.56222e+02 	 2.39525e+02
1.62752e+02 	 2.36883e+02
1.59539e+02 	 2.40386e+02
1.55417e+02 	 2.45039e+02
1.69096e+02 	 2.34886e+02
1.52689e+02 	 2.29760e+02
1.63629e+02 	 2.43903e+02
1.84201e+02 	 2.42963e+02
1.59431e+02 	 2.26527e+02
1.64338e+02 	 2.59360e+02
1.57070e+02 	 2.38498e+02
1.60240e+02 	 2.55063e+02
1.64404e+02 	 2.28530e+02
1.46607e+02 	 2.39848e+02
1.63257e+02 	 2.43619e+02
1.66839e+02 	 2.44610e+02
1.59007e+02 	 2.37169e+02
1.63308e+02 	 2.31402e+02
1.72184e+02 	 2.45620e+02
1.65980e+02 	 2.42302e+02
1.71196e+02 	 2.36182e+02
1.52698e+02 	 2.42112e+02
1.69215e+02 	 2.31748e+02
1.52209e+02 	 2.39583e+02
1.61573e+02 	 2.48546e+02
1.59829e+02 	 2.40061e+02
1.53768e+02 	 2.45339e+02
1.67418e+02 	 2.41559e+02
1.55185e+02 	 2.52974e+02
1.61631e+02 	 2.46701e+02
1.59389e+02 	 2.39305e+02
1.57476e+02 	 2.43285e+02
1.61259e+02 	 2.32681e+02
1.70737e+02 	 2.34182e+02
1.52047e+02 	 2.35800e+02
1.62053e+02 	 2.43077e+02
1.60552e+02 	 2.52929e+02
1.65999e+02 	 2.39609e+02
1.59000e+02 	 2.60444e+02
1.65121e+02 	 2.40184e+02
1.64568e+02 	 2.42692e+02
1.49356e+02 	 2.41245e+02
1.71045e+02 	 2.40434e+02
1.53368e+02 	 2.30101e+02
1.64558e+02 	 2.37722e+02
1.71503e+02 	 2.44686e+02
1.41352e+02 	 2.28727e+02
1.59435e+02 	 2.40361e+02
1.71714e+02 	 2.42021e+02
1.61470e+02 	 2.35051e+02
1.71598e+02 	 2.46910e+02
1.66323e+02 	 2.49047e+02
1.64028e+02 	 2.40559e+02
1.62928e+02 	 2.31229e+02
1.54995e+02 	 2.39392e+02
1.63647e+02 	 2.39737e+02
1.59448e+02 	 2.49496e+02
1.45799e+02 	 2.28623e+02
1.64680e+02 	 2.51262e+02
1.65530e+02 	 2.28903e+02
1.66317e+02 	 2.46353e+02
1.59314e+02 	 2.32700e+02
1.66655e+02 	 2.40735e+02
1.65233e+02 	 2.31149e+02
1.54782e+02 	 2.35889e+02
1.48756e+02 	 2.39038e+02
1.63743e+02 	 2.47980e+02
1.64820e+02 	 2.37740e+02
1.69898e+02 	 2.42146e+02
1.57770e+02 	 2.48115e+02
1.61336e+02 	 2.43306e+02
1.72262e+02 	 2.40354e+02
1.67087e+02 	 2.37897e+02
1.68643e+02 	 2.32223e+02
1.55901e+02 	 2.42667e+02
1.64079e+02 	 2.26039e+02
1.51508e+02 	 2.24265e+02
1.67219e+02 	 2.45782e+02
1.63443e+02 	 2.43815e+02
1.55206e+02 	 2.26385e+02
1.56822e+02 	 2.41180e+02
1.70208e+02 	 2.36092e+02
1.55327e+02 	 2.40642e+02
1.67903e+02 	 2.26640e+02
1.56657e+02 	 2.44721e+02
1.49843e+02 	 2.43193e+02
1.55793e+02 	 2.36786e+02
1.56511e+02 	 2.50700e+02
1.60096e+02 	 2.41482e+02
1.61053e+02 	 2.40990e+02
1.55501e+02 	 2.34424e+02
1.60494e+02 	 2.34406e+02
1.62735e+02 	 2.50403e+02
1.58390e+02 	 2.33419e+02
1.65849e+02 	 2.46309e+02
1.54165e+02 	 2.44714e+02
1.67613e+02 	 2.39601e+02
1.59730e+02 	 2.45360e+02
1.61230e+02 	 2.36114e+02
1.60088e+02 	 2.59055e+02
1.69750e+02 	 2.44804e+02
1.48391e+02 	 2.33942e+02
1.56995e+02 	 2.32551e+02
1.57987e+02 	 2.33687e+02
1.63193e+02 	 2.36073e+02
1.64368e+02 	 2.31960e+02
1.60868e+02 	 2.43497e+02
1.56211e+02 	 2.42632e+02
1.65488e+02 	 2.36633e+02
1.51710e+02 	 2.32532e+02
