# R(arcsec)	 Vel Disp(kms⁻¹)	 1-sigma
  0.000000	 385.982269	 	  4.656786 
  0.775053	 355.909180	 	  5.073524 
  0.775053	 381.973633	 	  5.029582 
  1.018859	 357.790497	 	  4.838403 
  1.018859	 380.781677	 	  5.559848 
  1.266330	 357.699249	 	  5.752347 
  1.266330	 370.705902	 	  4.995952 
  1.293820	 357.480011	 	  5.284547 
  1.293820	 366.928802	 	  5.312194 
  1.550105	 334.405121	 	  5.907470 
  1.550105	 351.802155	 	  5.541295 
  1.835898	 340.780396	 	  6.366789 
  1.835898	 340.841278	 	  5.251816 
  1.873841	 341.127045	 	  5.329614 
  1.873841	 349.572083	 	  5.018968 
  2.037719	 348.214569	 	  6.115206 
  2.037719	 349.181366	 	  5.639345 
  2.163937	 336.800751	 	  6.519454 
  2.163937	 344.527954	 	  5.874891 
  2.196220	 338.099243	 	  6.062924 
  2.196220	 350.762726	 	  6.220905 
  2.325158	 333.143433	 	  6.177604 
  2.325158	 333.192169	 	  5.820289 
  2.517710	 320.984711	 	  7.438818 
  2.517710	 343.707306	 	  6.194840 
  2.532660	 323.820251	 	  7.290353 
  2.532660	 339.053192	 	  6.462397 
  2.559298	 320.222595	 	  6.595814 
  2.559298	 348.066254	 	  6.270979 
  2.587641	 322.417572	 	  6.394539 
  2.587641	 332.113251	 	  5.541743 
  3.056578	 331.169708	 	  7.150686 
  3.056578	 339.524506	 	  7.222248 
  3.057371	 313.973419	 	  7.373231 
  3.057371	 347.407166	 	  9.340452 
  3.100211	 328.071594	 	  8.388685 
  3.100211	 329.509033	 	  6.574158 
  3.125667	 328.172974	 	  7.270938 
  3.125667	 333.491669	 	  6.512129 
  3.136528	 343.596283	 	  7.841863 
  3.136528	 350.724792	 	  8.023667 
  3.170007	 305.316650	 	  7.199063 
  3.170007	 331.241669	 	  6.604497 
  3.241701	 312.268646	 	  8.295734 
  3.241701	 325.130829	 	  7.270977 
  3.284835	 322.723053	 	  7.661021 
  3.284835	 326.970673	 	  6.781034 
  3.396227	 328.305786	 	  8.356154 
  3.396227	 335.083557	 	  7.777113 
  3.457837	 320.934296	 	  6.858549 
  3.457837	 326.355927	 	  7.157073 
  3.671796	 318.716125	 	  7.965654 
  3.671796	 326.298340	 	 10.356261 
  3.747682	 318.679901	 	  7.892283 
  3.747682	 336.358521	 	  7.154959 
  3.798990	 327.942108	 	 10.133655 
  3.798990	 348.226288	 	  7.998547 
  3.875263	 315.160889	 	  8.578925 
  3.875263	 331.944977	 	  9.318676 
  3.881461	 309.356506	 	  8.249260 
  3.881461	 309.372253	 	  7.353075 
  3.984946	 309.893921	 	  9.442923 
  3.984946	 325.743439	 	  8.451829 
  4.028857	 316.352600	 	  7.650789 
  4.028857	 336.388062	 	  9.559233 
  4.075438	 325.893219	 	  9.296477 
  4.075438	 328.645569	 	  8.951283 
  4.131481	 299.002350	 	  8.763926 
  4.131481	 341.185333	 	  8.625571 
  4.165412	 321.310791	 	  8.579324 
  4.165412	 321.510406	 	  8.195251 
  4.304846	 324.946442	 	 10.377859 
  4.304846	 334.652222	 	 11.712390 
  4.327875	 322.091064	 	 10.555278 
  4.327875	 334.733276	 	  9.988678 
  4.337980	 330.894867	 	 11.459500 
  4.337980	 339.228394	 	  9.873284 
  4.392441	 326.550385	 	  8.187286 
  4.392441	 340.700043	 	  9.008485 
  4.401847	 307.390381	 	  8.352639 
  4.401847	 309.906250	 	  8.059445 
  4.418355	 326.585846	 	  9.933108 
  4.418355	 334.321442	 	  9.668808 
  4.646856	 300.617676	 	  8.698767 
  4.646856	 321.563812	 	 10.957991 
  4.650316	 335.689575	 	 11.334457 
  4.650316	 348.161591	 	 10.347419 
  4.736859	 331.876740	 	  9.213614 
  4.736859	 348.718658	 	 10.715272 
  4.738394	 318.620483	 	 10.768559 
  4.738394	 326.061371	 	 10.577778 
  4.782745	 305.738647	 	  8.521789 
  4.782745	 352.902679	 	 12.475057 
  4.881853	 309.640564	 	 10.072969 
  4.881853	 343.946991	 	 13.087082 
  4.988806	 316.836060	 	  8.999861 
  4.988806	 324.846802	 	  9.581333 
  5.035421	 306.742584	 	 11.486433 
  5.035421	 334.007111	 	 10.903874 
  5.065320	 303.089203	 	  9.397141 
  5.065320	 327.630981	 	 12.779870 
  5.094297	 326.872040	 	 12.205822 
  5.094297	 329.713531	 	  9.024603 
  5.118595	 318.249481	 	 10.112260 
  5.118595	 325.732147	 	 10.623503 
  5.135817	 302.293182	 	 10.963077 
  5.135817	 331.282227	 	 10.160480 
  5.169963	 319.447845	 	  9.658738 
  5.169963	 319.545898	 	  9.575256 
  5.175281	 314.341156	 	  9.143607 
  5.175281	 347.089569	 	 10.657760 
  5.291766	 320.649017	 	 14.020970 
  5.291766	 326.646027	 	 11.275437 
  5.357853	 317.143799	 	  9.952360 
  5.357853	 333.710449	 	 10.700978 
  5.425369	 316.595459	 	 12.885667 
  5.425369	 362.914917	 	 13.059814 
  5.497852	 317.976044	 	 13.053425 
  5.497852	 331.264740	 	 13.111255 
  5.507694	 323.118408	 	 14.681883 
  5.507694	 339.431854	 	 12.566180 
  5.542475	 338.096222	 	 13.533788 
  5.542475	 348.008636	 	 12.135021 
  5.552511	 317.715057	 	 13.761454 
  5.552511	 318.373352	 	 11.587457 
  5.560851	 314.939636	 	 13.141018 
  5.560851	 341.441406	 	 12.684566 
  5.621524	 328.477264	 	 11.415004 
  5.621524	 329.837708	 	 11.424039 
  5.646775	 335.500305	 	 12.175133 
  5.646775	 347.729828	 	 11.072489 
  5.686005	 323.835083	 	 11.540732 
  5.686005	 329.265564	 	 11.214314 
  5.752762	 323.222717	 	 13.061176 
  5.752762	 334.454163	 	 12.085060 
  5.837772	 316.269104	 	 11.794436 
  5.837772	 332.193787	 	 12.129170 
  5.904183	 300.852264	 	 12.873248 
  5.904183	 319.112823	 	 12.262325 
  6.022206	 305.947174	 	 10.617438 
  6.022206	 316.752228	 	 10.704381 
  6.113156	 316.183105	 	 10.889541 
  6.113156	 318.120544	 	 13.429252 
  6.114743	 297.476624	 	 14.148134 
  6.114743	 336.002533	 	 14.567646 
  6.144937	 310.198944	 	 13.641079 
  6.144937	 310.889893	 	 12.070444 
  6.167521	 309.232300	 	 12.937259 
  6.167521	 341.375763	 	 16.892355 
  6.179201	 305.941223	 	 12.123763 
  6.179201	 326.551117	 	 11.439002 
  6.200422	 308.363556	 	 13.125110 
  6.200422	 316.651886	 	 14.460342 
  6.251335	 288.763062	 	 11.154867 
  6.251335	 310.925476	 	 12.974607 
  6.261133	 304.546265	 	 13.554337 
  6.261133	 328.294250	 	 14.220108 
  6.273056	 301.586365	 	 13.634583 
  6.273056	 324.976715	 	 14.131006 
  6.286198	 328.473572	 	 12.037124 
  6.286198	 339.409485	 	 13.572615 
  6.305935	 287.257202	 	 10.300409 
  6.305935	 314.500488	 	 12.376489 
  6.331649	 310.150085	 	 14.159603 
  6.331649	 339.835907	 	 14.949193 
  6.340015	 317.769073	 	 11.279536 
  6.340015	 323.463776	 	 11.562864 
  6.469101	 307.226624	 	 13.154593 
  6.469101	 314.810242	 	 11.530260 
  6.483401	 299.842255	 	 12.340631 
  6.483401	 300.179352	 	 13.835867 
  6.491812	 302.284424	 	 12.288121 
  6.491812	 304.759705	 	 13.843210 
  6.569670	 297.133514	 	 11.793786 
  6.569670	 307.077789	 	 12.259236 
  6.588661	 305.208710	 	 11.075926 
  6.588661	 325.968628	 	 13.352513 
  6.712563	 284.223816	 	 13.818954 
  6.712563	 314.040009	 	 15.212066 
  6.792454	 290.347504	 	 15.095066 
  6.792454	 302.225616	 	 15.676472 
  6.820675	 318.746826	 	 16.270697 
  6.820675	 323.650208	 	 16.665894 
  6.851521	 309.230499	 	 14.381548 
  6.851521	 329.745667	 	 16.221952 
  6.857779	 329.525726	 	 13.444272 
  6.857779	 333.164551	 	 14.335961 
  6.915674	 315.765320	 	 13.642168 
  6.915674	 321.246094	 	 11.702758 
  6.973697	 304.567291	 	 12.830988 
  6.973697	 317.869629	 	 13.619989 
  6.973736	 294.502380	 	 10.902988 
  6.973736	 336.435913	 	 13.469131 
  6.975474	 300.625671	 	 13.352902 
  6.975474	 322.492798	 	 17.707407 
  7.026991	 313.058167	 	 16.330505 
  7.026991	 343.791687	 	 16.478033 
  7.071918	 308.826782	 	 14.894965 
  7.071918	 343.979980	 	 14.697821 
  7.132016	 280.691132	 	 11.620596 
  7.132016	 295.267212	 	 14.232092 
  7.156817	 289.701508	 	 15.814809 
  7.156817	 328.593048	 	 13.852139 
  7.164681	 300.464966	 	 15.647015 
  7.164681	 311.404053	 	 16.490856 
  7.191153	 295.018372	 	 14.167276 
  7.191153	 320.454010	 	 14.098622 
  7.223304	 293.466095	 	 17.119972 
  7.223304	 322.230438	 	 14.460039 
  7.264697	 304.047363	 	 14.448608 
  7.264697	 313.502411	 	 15.662640 
  7.310469	 289.539795	 	 12.456541 
  7.310469	 297.656067	 	 14.096346 
  7.310543	 281.161865	 	 12.999068 
  7.310543	 312.367371	 	 13.059114 
  7.332198	 302.054474	 	 13.790260 
  7.332198	 329.504211	 	 14.200850 
  7.343592	 262.610291	 	 15.211012 
  7.343592	 317.315460	 	 16.462421 
  7.358998	 270.773590	 	 14.739653 
  7.358998	 306.173370	 	 16.258139 
  7.452048	 296.607269	 	 15.342335 
  7.452048	 327.193481	 	 16.180923 
  7.495365	 301.057312	 	 13.799318 
  7.495365	 302.895050	 	 13.465632 
  7.524502	 288.448334	 	 14.104959 
  7.524502	 348.887970	 	 15.115114 
  7.550563	 307.294312	 	 14.659178 
  7.550563	 325.363983	 	 14.821738 
  7.553131	 296.213867	 	 13.248211 
  7.553131	 318.008972	 	 17.964144 
  7.597979	 284.377380	 	 15.522200 
  7.597979	 316.984406	 	 18.247679 
  7.677893	 300.431580	 	 14.357094 
  7.677893	 312.942596	 	 14.634820 
  7.713083	 246.676025	 	 14.528181 
  7.713083	 298.516022	 	 14.689838 
  7.750527	 309.090576	 	 16.753801 
  7.762922	 306.903931	 	 14.661069 
  7.762922	 308.574890	 	 15.581505 
  7.794668	 294.226562	 	 14.649776 
  7.839684	 330.121826	 	 15.942821 
  7.839788	 299.897888	 	 13.155385 
  7.839788	 321.346680	 	 14.332822 
  7.936592	 322.841309	 	 17.049353 
  7.936592	 326.796844	 	 19.587387 
  7.969892	 306.870331	 	 17.000904 
  7.999975	 288.281982	 	 15.011888 
  7.999975	 320.831604	 	 20.719801 
  8.040626	 296.942902	 	 17.820528 
  8.040626	 343.832764	 	 21.292875 
  8.057714	 317.014191	 	 17.302835 
  8.082533	 287.565338	 	 18.358383 
  8.082533	 323.215424	 	 19.221926 
  8.112008	 291.637421	 	 12.792989 
  8.112008	 305.546478	 	 13.760638 
  8.150875	 298.796082	 	 16.263660 
  8.150875	 311.345245	 	 15.587456 
  8.156793	 285.891663	 	 13.568615 
  8.156793	 298.013123	 	 13.890722 
  8.170432	 270.275177	 	 14.132637 
  8.170432	 323.525238	 	 19.105745 
  8.192372	 309.535706	 	 13.304385 
  8.192372	 312.591705	 	 15.580048 
  8.204815	 301.296082	 	 14.305724 
  8.204815	 313.703491	 	 16.110878 
  8.262963	 290.393036	 	 18.639803 
  8.262963	 302.817505	 	 15.298457 
  8.263370	 294.211731	 	 15.190079 
  8.263370	 303.635773	 	 15.329272 
  8.267868	 333.184998	 	 18.060894 
  8.330824	 297.850830	 	 16.822565 
  8.330824	 339.906311	 	 17.045143 
  8.394583	 314.146606	 	 14.893916 
  8.426065	 301.390411	 	 18.089378 
  8.426065	 355.315063	 	 21.467592 
  8.426928	 262.364197	 	 18.303343 
  8.426928	 343.747192	 	 19.709967 
  8.525707	 299.867065	 	 14.771132 
  8.525707	 318.776428	 	 16.904320 
  8.545500	 271.192505	 	 18.986534 
  8.545500	 281.984283	 	 17.493874 
  8.600527	 329.802887	 	 15.821265 
  8.600527	 332.255341	 	 16.966551 
  8.609692	 277.794708	 	 17.650372 
  8.609692	 303.128143	 	 16.294798 
  8.655750	 285.522919	 	 17.314034 
  8.655750	 290.258148	 	 15.811602 
  8.675959	 324.959320	 	 19.295416 
  8.728840	 281.494995	 	 15.199913 
  8.728840	 285.748962	 	 15.706775 
  8.784882	 280.134491	 	 14.973236 
  8.784882	 288.231659	 	 15.905264 
  8.803693	 314.783051	 	 16.968971 
  8.803693	 369.128510	 	 22.371126 
  8.836710	 336.332184	 	 19.959232 
  8.864309	 322.695404	 	 19.092697 
  8.864309	 329.167419	 	 22.588926 
  8.946890	 291.239929	 	 21.124945 
  8.946890	 322.180786	 	 21.417589 
  9.056742	 309.892761	 	 16.034121 
  9.056742	 327.313019	 	 17.650492 
  9.102858	 292.199005	 	 15.350659 
  9.102858	 297.424469	 	 16.635227 
  9.169735	 319.969421	 	 17.325008 
  9.169735	 333.096497	 	 21.193394 
  9.172114	 263.208252	 	 18.321329 
  9.172114	 316.666748	 	 19.506535 
  9.179490	 305.585693	 	 18.864161 
  9.185207	 304.455231	 	 17.925013 
  9.185207	 317.134277	 	 21.094278 
  9.219623	 247.715500	 	 15.612857 
  9.219623	 254.560196	 	 18.951794 
  9.265713	 293.899689	 	 17.771744 
  9.265713	 315.840363	 	 18.399464 
  9.293713	 272.198669	 	 17.376251 
  9.293713	 289.049683	 	 18.467529 
  9.333824	 289.796936	 	 17.744114 
  9.333824	 307.478271	 	 17.026478 
  9.345601	 254.936707	 	 18.119720 
  9.345601	 277.810822	 	 20.953732 
  9.369206	 304.886078	 	 18.729404 
  9.377002	 276.576660	 	 14.685346 
  9.377002	 292.027344	 	 19.465473 
  9.409584	 279.715302	 	 18.500072 
  9.409584	 330.214996	 	 19.550224 
  9.473717	 274.421326	 	 18.557812 
  9.473717	 287.228546	 	 15.292812 
  9.510022	 297.400360	 	 16.369799 
  9.510022	 303.079224	 	 16.580158 
  9.554135	 272.006531	 	 16.180220 
  9.554135	 308.126495	 	 17.506954 
  9.613975	 293.970978	 	 23.655827 
  9.613975	 309.732910	 	 21.489407 
  9.690241	 281.702362	 	 21.715416 
  9.690241	 293.075500	 	 20.770311 
  9.744854	 270.064575	 	 18.026424 
  9.744854	 304.042877	 	 19.225498 
  9.763706	 270.067993	 	 17.840717 
  9.864377	 278.654907	 	 21.294029 
  9.864377	 308.139679	 	 25.317377 
  9.875128	 275.686890	 	 20.020594 
  9.875128	 304.886658	 	 24.101473 
  9.891513	 289.547333	 	 17.157440 
  9.891513	 322.632568	 	 19.200554 
  9.977612	 273.246857	 	 17.741144 
 10.034204	 270.989166	 	 15.353341 
 10.034204	 272.655304	 	 15.192621 
 10.086617	 276.203583	 	 17.222372 
 10.086617	 297.035461	 	 16.361328 
 10.130639	 241.088654	 	 21.017002 
 10.130639	 274.766327	 	 21.251539 
 10.188594	 258.072021	 	 18.018335 
 10.188681	 311.114227	 	 22.204599 
 10.188681	 320.577820	 	 26.845716 
 10.200797	 301.349182	 	 20.670290 
 10.235236	 308.986877	 	 22.063919 
 10.271635	 288.639526	 	 18.676012 
 10.339926	 281.789642	 	 17.659834 
 10.350562	 270.981873	 	 16.376581 
 10.350562	 319.306793	 	 22.080564 
 10.373511	 264.799469	 	 16.110983 
 10.373511	 298.632019	 	 17.069759 
 10.399909	 267.525146	 	 17.669622 
 10.415039	 347.027893	 	 26.463068 
 10.500929	 264.201263	 	 17.810432 
 10.549962	 256.263611	 	 20.976431 
 10.549962	 392.317688	 	 28.162722 
 10.583533	 274.463745	 	 20.317217 
 10.609446	 290.906677	 	 23.737417 
 10.609446	 333.909790	 	 23.929001 
 10.648925	 286.805176	 	 19.393559 
 10.715706	 314.122437	 	 21.342794 
 10.758049	 252.274719	 	 17.907362 
 10.758049	 269.174805	 	 16.761297 
 10.819687	 356.115936	 	 26.805111 
 10.845629	 277.627197	 	 20.912996 
 10.845629	 362.079529	 	 24.464312 
 10.954250	 243.743866	 	 25.691093 
 10.954250	 284.442993	 	 22.249512 
 10.981102	 292.488983	 	 20.042433 
 11.105021	 242.323135	 	 19.737417 
 11.121702	 284.681580	 	 22.652657 
 11.183154	 283.397278	 	 18.257212 
 11.183154	 288.648346	 	 21.272741 
 11.293550	 265.598175	 	 19.230003 
 11.372010	 277.034058	 	 19.718128 
 11.396969	 303.612854	 	 30.225721 
 11.396969	 331.039825	 	 29.975050 
 11.435856	 298.236389	 	 28.309864 
 11.644383	 292.237793	 	 20.622787 
 11.644383	 320.160400	 	 22.069529 
 11.649264	 367.201324	 	 22.808661 
 11.808365	 268.962799	 	 22.445679 
 11.873821	 239.239609	 	 22.294744 
 12.044412	 270.708618	 	 20.906570 
 12.137618	 303.075500	 	 22.785078 
 12.218740	 303.587891	 	 27.117731 
 12.475246	 244.706253	 	 23.000650 
 12.663299	 273.662781	 	 30.188986 
