# y_px x_px vel(km/s) disp(km/s) chi2/DOF 1-sigma
0 0 -3.432918418951370541e+02 3.036128383726122024e+02 1.714027848900213424e+00 3.022572255516304551e+01
0 1 -3.444084579418292265e+02 2.437438781333693782e+02 2.098251851497048293e+00 2.569109407150038038e+01
0 2 -3.274987650379131878e+02 3.923176893367881917e+02 1.720792377967752751e+00 2.816272084994226788e+01
0 3 -2.707018818024183702e+02 3.205778299926287787e+02 1.512178320000922449e+00 2.684571487324619099e+01
0 4 -3.319989421647290442e+02 3.048866484912240367e+02 1.659970073159809267e+00 2.410147299158754564e+01
0 5 -3.207181556430855380e+02 2.939709861592860420e+02 1.586566902141742119e+00 2.365582408182859453e+01
0 6 -3.137122755396661660e+02 2.797153125129057685e+02 1.732940173947793427e+00 1.850007240814080944e+01
0 7 -2.818708030170996039e+02 3.158403536051175706e+02 1.524728034270261157e+00 1.839946285033327200e+01
0 8 -3.070868185532864345e+02 3.171342779719568057e+02 1.431170447840969029e+00 2.109428065746196168e+01
0 9 -3.346916431393877929e+02 3.330964950966549054e+02 1.629545560762780676e+00 2.119339331137550175e+01
0 10 -2.863720883055800641e+02 2.545601941310904408e+02 1.649604734548447027e+00 1.895179300645312637e+01
0 11 -3.335564646018129338e+02 3.074782676852108807e+02 1.392349842645132174e+00 1.702647771305652924e+01
0 12 -3.163985666439904207e+02 2.974003584339413351e+02 1.287047782730027512e+00 1.636979848571546015e+01
0 13 -2.999696922375528629e+02 2.700645770036338718e+02 1.464600385726469334e+00 1.802642510570452927e+01
0 14 -3.161165185338221022e+02 2.709891732752867028e+02 1.386879036717266755e+00 1.535334014060084940e+01
0 15 -3.066304814303537682e+02 2.647994709809032088e+02 1.255537467525819961e+00 1.611098268126173139e+01
0 16 -3.396251213509813738e+02 2.522747028079835161e+02 1.507091604204632507e+00 1.790736267322460762e+01
0 17 -3.196014836183101693e+02 2.833972854327569166e+02 1.345811771445483140e+00 1.825721240717365745e+01
0 18 -2.884904962331663683e+02 3.201604132609824092e+02 1.411197239159626360e+00 2.206952916902557504e+01
0 19 -3.207719723992292415e+02 3.030755085443539087e+02 1.506903652006028604e+00 2.278507917397521965e+01
1 0 -2.474701546203110354e+02 2.909066684806772400e+02 1.375153485732613090e+00 2.373741799839196887e+01
1 1 -2.640786413778214410e+02 2.410886559185997555e+02 1.499966924359625642e+00 2.101700254562791415e+01
1 2 -3.239649999081714782e+02 2.817023610907368152e+02 1.595951182273135815e+00 2.171541763798606439e+01
1 3 -2.932112435763435769e+02 2.890496938044765898e+02 1.603815450774053630e+00 1.846752916683623624e+01
1 4 -2.917368856799459991e+02 2.912399226353722952e+02 1.625339964124304482e+00 2.112494525789655953e+01
1 5 -3.344099702380092936e+02 2.902581435025640531e+02 1.476864528071445859e+00 1.581160178728339538e+01
1 6 -2.757156276632395588e+02 3.013904090575377381e+02 1.243149590482496070e+00 1.808941446261299291e+01
1 7 -2.926715547446112851e+02 2.903930474299892239e+02 1.541172752658514833e+00 1.863980198319211823e+01
1 8 -2.928103868396477196e+02 3.235252355248146614e+02 1.402705945992655412e+00 1.910574484951739649e+01
1 9 -3.349258684513287108e+02 2.987960928570090005e+02 1.450672380961754770e+00 1.626365985674188863e+01
1 10 -3.254384234165641487e+02 3.012960699407810807e+02 1.487299969498310670e+00 1.430572403956678507e+01
1 11 -3.357408024206786763e+02 3.399063076237656560e+02 1.175151478637161961e+00 1.704514233459568828e+01
1 12 -3.129769603649029364e+02 2.998670625065427089e+02 1.443460844281179156e+00 1.477113239360190633e+01
1 13 -3.321316861668107094e+02 2.882316662898950881e+02 1.549021739169278211e+00 1.590526391740445966e+01
1 14 -3.016246654043018225e+02 2.921989919557245798e+02 1.516836662013122394e+00 1.535065906403001712e+01
1 15 -3.005258697902518747e+02 2.872285452283368272e+02 1.377532924413339632e+00 1.529281239561460026e+01
1 16 -2.989853599990219664e+02 3.226325670250865301e+02 1.269796671746135086e+00 1.920055447962003825e+01
1 17 -3.051374617577426989e+02 2.709818651091688366e+02 1.533201582158103093e+00 1.637658258798172639e+01
1 18 -3.148013550777586147e+02 3.620795189729260528e+02 1.421218766916888310e+00 2.446431170215165096e+01
1 19 -3.207870626765049451e+02 2.770340605964617566e+02 1.518253417776150638e+00 1.971812911578507155e+01
2 0 -3.022578656788808189e+02 3.081396908076318937e+02 1.785098548917297467e+00 2.531737743878015934e+01
2 1 -3.475383721594618578e+02 2.778108304395532855e+02 1.461930210384046358e+00 2.095374152397307910e+01
2 2 -3.042896713729351745e+02 3.291674271018738978e+02 1.520302278158730980e+00 2.258892568694642478e+01
2 3 -3.257383454715913444e+02 3.437471855901295612e+02 1.339908717412434891e+00 1.970996659650847960e+01
2 4 -3.046561038855421089e+02 2.969428886055613930e+02 1.405115851821677309e+00 1.782052754804781358e+01
2 5 -3.173727625202245122e+02 2.466760315934766652e+02 1.554019596094220468e+00 1.452818178866369436e+01
2 6 -3.528803232203256357e+02 2.966072688452387069e+02 1.347428500703197196e+00 1.534233552213330398e+01
2 7 -3.118222000360169659e+02 3.135024101934953364e+02 1.411766288700544658e+00 1.566263981710907771e+01
2 8 -3.238604442713020148e+02 2.897015078197342177e+02 1.428776608690531358e+00 1.581480816350195617e+01
2 9 -3.056078951241421464e+02 2.952672238716474453e+02 1.325646178927103902e+00 1.423209208235732603e+01
2 10 -3.105783868833240149e+02 2.950183800979884268e+02 1.616802220865153572e+00 1.416727600531974396e+01
2 11 -3.347180636141620766e+02 3.020544861941415888e+02 1.316703757705873556e+00 1.379025968416017456e+01
2 12 -3.199305397517945835e+02 3.253639879033830766e+02 1.283004119647692898e+00 1.482173790560229776e+01
2 13 -3.154255491064230910e+02 2.998978968330956150e+02 1.346129585113730043e+00 1.315538533202941274e+01
2 14 -3.428270345837535729e+02 3.125916903328298417e+02 1.470595286905383547e+00 1.558004725004161273e+01
2 15 -3.306984272809293088e+02 3.298028762510249408e+02 1.597922805425282977e+00 1.582126595884612463e+01
2 16 -3.030766764184542126e+02 3.098927499182369729e+02 1.432559072153086754e+00 1.603412135686778583e+01
2 17 -2.633451069225604897e+02 3.081265079908433790e+02 1.465861196106271747e+00 1.750695449088618361e+01
2 18 -2.870864536995051708e+02 2.970354682562853554e+02 1.422271999834037182e+00 1.636132848766010284e+01
2 19 -2.966093380239635167e+02 2.868051853675478924e+02 1.625432291389106387e+00 1.939355878461401872e+01
3 0 -3.263276853962652808e+02 2.632082578682382064e+02 1.499884455260745320e+00 1.832132958392185529e+01
3 1 -2.852095669940298990e+02 2.777947141926432550e+02 1.435296818687334941e+00 1.765037153653800672e+01
3 2 -3.247396976169254117e+02 2.875653408082637839e+02 1.537622639518039902e+00 1.835838300738334183e+01
3 3 -3.586446583312823009e+02 3.169844134301111467e+02 1.498364906008799347e+00 1.824767828246099199e+01
3 4 -3.046955261663148917e+02 3.004649810319660332e+02 1.323669208452699975e+00 1.564701538687016757e+01
3 5 -2.712497680051922657e+02 3.022256059631880021e+02 1.332137334180279353e+00 1.567647241889695309e+01
3 6 -3.430695017445164581e+02 3.047597100004783783e+02 1.288199418158709975e+00 1.384321025399197502e+01
3 7 -3.186920331252961205e+02 3.249767211048614399e+02 1.395934653062815389e+00 1.413100507968533392e+01
3 8 -2.954654518489451220e+02 3.101989339369134200e+02 1.518208551850116050e+00 1.364107918114041063e+01
3 9 -3.169782096517701575e+02 3.181205600617489608e+02 1.438549818928271717e+00 1.342925206271567795e+01
3 10 -2.817351066098573256e+02 3.059412322194031617e+02 1.499861741252483505e+00 1.212376191185051866e+01
3 11 -3.354201968737851303e+02 3.234637807094588311e+02 1.253015937956706738e+00 1.156286440247876435e+01
3 12 -3.058018756961020017e+02 3.259686379158392810e+02 1.339373073612428522e+00 1.335251404264757724e+01
3 13 -3.258720444587543170e+02 3.157653168919869699e+02 1.261549877873815895e+00 1.364216777272552328e+01
3 14 -2.774913534012979994e+02 2.811618692174933472e+02 1.401514944170027199e+00 1.299906838752687932e+01
3 15 -3.218395782506711384e+02 3.069039326613752792e+02 1.451031043525673470e+00 1.466106909294178351e+01
3 16 -3.186310276627411895e+02 3.036357832762331554e+02 1.507048921104183092e+00 1.532927141458623232e+01
3 17 -2.972392860049619117e+02 3.691285010950839478e+02 1.508483828393829107e+00 2.237112739012385987e+01
3 18 -3.027790255336988139e+02 2.765766449662349373e+02 1.368328814909133273e+00 1.468534546328874058e+01
3 19 -3.151844628834459741e+02 2.732468712099326922e+02 1.429909985136345929e+00 1.774114313999437798e+01
4 0 -3.429603055853054911e+02 2.711924970661158909e+02 1.533469745779197257e+00 1.898653503333433434e+01
4 1 -2.958966885501922093e+02 3.267968333463060731e+02 1.526831731917821289e+00 1.958738727287498804e+01
4 2 -3.269952714767466659e+02 2.707735952379018727e+02 1.189458661871995560e+00 1.473965269269901590e+01
4 3 -3.525806879990056473e+02 3.236502149375635327e+02 1.433544103677312886e+00 1.666589437407938590e+01
4 4 -3.048685725290490609e+02 3.101500791879776671e+02 1.349924338448864169e+00 1.415960235545692214e+01
4 5 -2.959487881705695145e+02 3.008522592565824425e+02 1.413126837678312375e+00 1.287324899122730493e+01
4 6 -3.405093322298300791e+02 3.177150484485173934e+02 1.353940922648234846e+00 1.376145382006877682e+01
4 7 -3.427685456980154299e+02 3.206490197431676279e+02 1.567371756171769048e+00 1.402097089792411744e+01
4 8 -3.414039001185943221e+02 3.022931951899317937e+02 1.329307513399620166e+00 1.096307989105426017e+01
4 9 -3.086717623554356464e+02 3.268720287849315582e+02 1.292569883455958690e+00 1.220582239190921037e+01
4 10 -3.100875511285713628e+02 3.194478600858263349e+02 1.085640845626284934e+00 9.658738156754731463e+00
4 11 -3.017877955856167773e+02 3.337104455791501891e+02 1.338907897724389118e+00 1.070097827096008558e+01
4 12 -3.259488614080440243e+02 3.355002944774088292e+02 1.296923429828585883e+00 1.217513272546191061e+01
4 13 -3.141231244889127652e+02 3.167522223738075127e+02 1.247258076324305076e+00 1.070437979567746112e+01
4 14 -2.967393564151428222e+02 3.072266195576750647e+02 1.955419460359876016e+00 1.315459348771866388e+01
4 15 -2.999378277136547695e+02 3.364359141413978023e+02 1.256757972357052111e+00 1.346912955825980696e+01
4 16 -3.305513276670048413e+02 3.488879614387105335e+02 1.333067185286149980e+00 1.511511318588511976e+01
4 17 -3.215294130373044368e+02 2.916374106530683434e+02 1.292116209803324978e+00 1.279298960312541666e+01
4 18 -3.150935634881752776e+02 2.814949749846783220e+02 1.517490665479155343e+00 1.519991273862372694e+01
4 19 -3.185428531658545239e+02 3.048860726473842533e+02 1.869650649432900824e+00 1.872940274860186705e+01
5 0 -2.997380610193217763e+02 3.208316022353984636e+02 1.617649152828374959e+00 2.071980131911638168e+01
5 1 -2.993776170749057428e+02 3.173154533599956721e+02 1.320382179515891652e+00 1.646242026957303395e+01
5 2 -2.853604103452425989e+02 2.842238045277132983e+02 1.358546320178681377e+00 1.381895377368604194e+01
5 3 -3.174813887636723848e+02 2.974766341786786370e+02 1.385896972693481333e+00 1.414813425448494755e+01
5 4 -3.103328893796170291e+02 3.149396424300174999e+02 1.369917770428929371e+00 1.314101819678089811e+01
5 5 -3.445538147758134073e+02 3.276309652968803334e+02 1.315579955278953328e+00 1.277986947343670465e+01
5 6 -2.768551382653410542e+02 3.215638174744233879e+02 1.164020339398998516e+00 1.095799088948236211e+01
5 7 -3.164305549221696197e+02 3.220910788231680613e+02 1.397654617003377897e+00 1.055527752142921472e+01
5 8 -2.930960463613088223e+02 2.990023536377918276e+02 1.231959578755396967e+00 8.763926377107578602e+00
5 9 -3.229491014973631877e+02 3.258932313888557246e+02 1.356523205085242711e+00 9.296477456565451547e+00
5 10 -3.225443137949268362e+02 3.213108038389428316e+02 1.237212108251805942e+00 8.579323543218260184e+00
5 11 -3.191144796428254153e+02 3.407000607456697026e+02 1.209477322593811355e+00 9.008480521757864068e+00
5 12 -3.221464003662001119e+02 3.487186685894035350e+02 1.402525120289560112e+00 1.071527166343956416e+01
5 13 -3.106234993369654944e+02 3.143411438697128233e+02 1.109626017853081681e+00 9.143606816819778160e+00
5 14 -3.101557695206773815e+02 3.292655522177856255e+02 1.359666549469172203e+00 1.121431473473047546e+01
5 15 -3.142738570817502932e+02 2.887630721824348825e+02 1.293535897996709094e+00 1.115486660721765233e+01
5 16 -3.163114926910534450e+02 3.331645540091141129e+02 1.300564385345946095e+00 1.433596111308071031e+01
5 17 -2.864667259918848572e+02 3.010573188797460489e+02 1.714582926791680118e+00 1.379931826792846827e+01
5 18 -2.872163613860614646e+02 2.980131120057201883e+02 1.472243109719221010e+00 1.389072233451988403e+01
5 19 -3.108546513475733377e+02 3.363321905259438722e+02 1.395998664088452079e+00 1.995923166907549984e+01
6 0 -3.373332592577887112e+02 3.180089570017512415e+02 1.419380159312496836e+00 1.796414323981579386e+01
6 1 -3.235175032906392971e+02 3.297456976306199863e+02 1.340516867531253986e+00 1.622196039947366941e+01
6 2 -3.472745753920865468e+02 3.413757509066757621e+02 1.363871914194006107e+00 1.689235538645854362e+01
6 3 -3.072643546462924746e+02 3.231184153540351645e+02 1.341007569012364620e+00 1.468188310586337231e+01
6 4 -3.313750615897075136e+02 3.439469793775758717e+02 1.282308417731661487e+00 1.308708162049775403e+01
6 5 -3.187929065603332219e+02 3.346522269346905318e+02 1.458436671091792203e+00 1.171239087162512149e+01
6 6 -3.371623920298376333e+02 3.279421213305280958e+02 1.279854995572977217e+00 1.013365414793053176e+01
6 7 -3.113249003312689069e+02 3.283057726830724050e+02 1.279567725819012125e+00 8.356154671440496173e+00
6 8 -3.292223885087284430e+02 3.507247811975391869e+02 1.244850688551562445e+00 8.023667217291416520e+00
6 9 -3.299197113650341180e+02 3.311697160429623068e+02 1.159784239125675409e+00 7.150686113671923749e+00
6 10 -2.991195726849783796e+02 3.312416645632845302e+02 1.170160565967973021e+00 6.604495968387244176e+00
6 11 -3.217566414082382380e+02 3.209342904080473886e+02 1.120697342468987001e+00 6.858548721818203298e+00
6 12 -3.230883437595981036e+02 3.093722614130566626e+02 1.238406157554326148e+00 7.353074732059923235e+00
6 13 -3.236402838670529150e+02 3.073903944996079645e+02 1.459896932726106655e+00 8.352639940324444012e+00
6 14 -3.105541257537809088e+02 3.168360503012121399e+02 1.347776762059646138e+00 8.999860482517920701e+00
6 15 -3.087110959672551189e+02 3.298377055920500993e+02 1.238403665592666014e+00 1.142403846254101119e+01
6 16 -3.302526066317844879e+02 3.394094770087708071e+02 1.358387749740712414e+00 1.357261486611461443e+01
6 17 -2.990165516167833744e+02 3.178696429623509516e+02 1.450545693040912187e+00 1.361998937187753889e+01
6 18 -3.074317094827753181e+02 3.004315767687074299e+02 1.450020586327262606e+00 1.435709354942201443e+01
6 19 -3.353276231360960082e+02 3.141466039104236643e+02 1.247858461477349357e+00 1.489391568088868389e+01
7 0 -2.909012973343625958e+02 2.934660962519807867e+02 1.550670035347739395e+00 1.711997263274106373e+01
7 1 -2.880705284344446682e+02 3.001793478059678364e+02 1.303539076414464537e+00 1.383586677489952876e+01
7 2 -3.028036387388649473e+02 3.232227239221372201e+02 1.199661749119143694e+00 1.306117645041265973e+01
7 3 -2.936422221708190250e+02 3.067425801938865106e+02 1.223006677122267627e+00 1.148643351272282764e+01
7 4 -2.993430053717883084e+02 3.308948746548176700e+02 1.260393478470711814e+00 1.145950100228201229e+01
7 5 -3.191216726995189674e+02 3.262983498187108466e+02 1.410521661883697986e+00 1.035626149023770282e+01
7 6 -3.372386105822326954e+02 3.474071499461418284e+02 1.374388997093471065e+00 9.340451987159660519e+00
7 7 -3.229795059466597422e+02 3.238202515371655181e+02 1.311673987583998446e+00 7.290352671464694012e+00
7 8 -3.288001942200862118e+02 3.368007588947097020e+02 1.398367639072498170e+00 6.519453085568337691e+00
7 9 -3.270829912221907421e+02 3.482145626575525057e+02 1.390153038680313813e+00 6.115205849295618279e+00
7 10 -3.139097451406732944e+02 3.380992536625371372e+02 1.669012504769909144e+00 6.062924730456382250e+00
7 11 -3.228591450487005545e+02 3.321132360012308595e+02 1.322394854897324112e+00 5.541743204089348396e+00
7 12 -3.289431860106927275e+02 3.334916707463941634e+02 1.424360843217576944e+00 6.512128951340400818e+00
7 13 -3.144082657547489816e+02 3.363585211699697766e+02 1.130747837647270826e+00 7.154958460403662457e+00
7 14 -3.067832330017165532e+02 3.343214268737116868e+02 1.298291286359428698e+00 9.668808237652745774e+00
7 15 -3.263487746827481715e+02 3.182494775173110497e+02 1.320104523552186437e+00 1.011225929395826739e+01
7 16 -3.065001076937508628e+02 3.162690933519732539e+02 1.273676730569256677e+00 1.179443647797567607e+01
7 17 -3.409727325960054714e+02 3.070777981491174273e+02 1.349846053206317009e+00 1.225923671743224652e+01
7 18 -3.265248894851681598e+02 2.976560629890638552e+02 1.584188708575743343e+00 1.409634526723398373e+01
7 19 -3.246220906223906582e+02 3.170141790553325905e+02 1.224000006029117626e+00 1.730283518619623351e+01
8 0 -2.781218866921093422e+02 3.130581633212481734e+02 1.390202451801438865e+00 1.633050531717739062e+01
8 1 -2.989870538819758963e+02 3.282942368525871188e+02 1.191092980048424677e+00 1.422010789865456992e+01
8 2 -3.252227003710622171e+02 3.312647336039233323e+02 1.357696533278533124e+00 1.311125409523143581e+01
8 3 -3.222722508853919408e+02 3.186204898801877334e+02 1.268886181131710922e+00 1.076856033959889558e+01
8 4 -3.308752690144861504e+02 3.098939348359216979e+02 1.159069385498099125e+00 9.442922807827907050e+00
8 5 -3.025915334052087928e+02 3.122686332080112948e+02 1.387778970856312855e+00 8.295734206458963200e+00
8 6 -3.160467181973184552e+02 3.209847025104035083e+02 1.341788680940587009e+00 7.438817855362805709e+00
8 7 -3.091321970432007333e+02 3.407803965563740007e+02 1.501856808531883969e+00 6.366789001069124154e+00
8 8 -3.224535081284505509e+02 3.576992502266969609e+02 1.713288391476916139e+00 5.752346217114813420e+00
8 9 -3.236749150034400486e+02 3.577905105859335890e+02 1.773356198717229493e+00 4.838403344406877693e+00
8 10 -3.175647369224004706e+02 3.669288108353194389e+02 1.974158410640279859e+00 5.312194154179171512e+00
8 11 -3.331954239400827191e+02 3.495720793679510621e+02 1.519882711413389043e+00 5.018967777659779195e+00
8 12 -3.249469576709140028e+02 3.480662457173556277e+02 1.479887125297623784e+00 6.270979436815110830e+00
8 13 -3.152619388741449598e+02 3.269706609359704998e+02 1.286842803516810907e+00 6.781034268002817278e+00
8 14 -3.411717498677073763e+02 3.163525856536616629e+02 1.293626664044662089e+00 7.650788677869770460e+00
8 15 -3.157920571603298754e+02 3.057386458023058822e+02 1.129394497949105958e+00 8.521788393728018107e+00
8 16 -2.784771819610482453e+02 3.480086366581505217e+02 1.327171413843559078e+00 1.213502107260708307e+01
8 17 -3.334095753345733897e+02 2.872572091271794648e+02 1.238682579888370938e+00 1.030040988988379524e+01
8 18 -2.846553031356378369e+02 3.439799756087724631e+02 1.470617922131652877e+00 1.469782303341182939e+01
8 19 -2.929376983033918691e+02 3.301218434130353216e+02 1.229782207689492424e+00 1.594282026319712386e+01
9 0 -3.100048892555236080e+02 3.224928146508659665e+02 1.394729714939935805e+00 1.770740586195072908e+01
9 1 -3.002472263144670137e+02 3.166518927643643906e+02 1.277476147235672155e+00 1.446034242787056634e+01
9 2 -3.269432806864035115e+02 3.165954616808317610e+02 1.302771849267224225e+00 1.288566691851561785e+01
9 3 -3.236732999984018306e+02 3.356895820505415600e+02 1.364201738680528297e+00 1.133445710704515363e+01
9 4 -2.782489854705365246e+02 3.151608753623226562e+02 1.161364001205382301e+00 8.578924892358086751e+00
9 5 -2.990008691385809243e+02 3.280715937954726655e+02 1.387232072420106599e+00 8.388684862904044692e+00
9 6 -3.060779625204518197e+02 3.331434175046510973e+02 1.053460803623631703e+00 6.177603560416885742e+00
9 7 -3.216754910766643434e+02 3.344051335751601641e+02 1.458311198994114211e+00 5.907469885190489656e+00
9 8 -3.167430126054487687e+02 3.559091856794468072e+02 1.889004016262223029e+00 5.073524900997140819e+00
9 9 -3.146555642071949705e+02 3.859822758757647421e+02 1.888876661220605158e+00 4.656785945364718238e+00
9 10 -3.215145134760998076e+02 3.819736349994452098e+02 2.160504445168383025e+00 5.029581358042565675e+00
9 11 -3.212547502087144267e+02 3.518021468661033850e+02 1.929742645707676951e+00 5.541294305202145054e+00
9 12 -3.089714214393332554e+02 3.331921693016239487e+02 1.418533570113681863e+00 5.820288677435987879e+00
9 13 -3.288624208406837397e+02 3.295090487225057814e+02 1.254469888934931499e+00 6.574157382946217432e+00
9 14 -3.145699414934648530e+02 3.319449892617716387e+02 1.605344075704482787e+00 9.318676373021146375e+00
9 15 -2.964024914665173469e+02 3.481615905779822810e+02 1.373212639412143110e+00 1.034741924307855498e+01
9 16 -3.198617582655143110e+02 3.629149104359054263e+02 1.251251608420226091e+00 1.305981431786370628e+01
9 17 -3.152263187187711537e+02 3.083635688997587749e+02 1.250186129455587603e+00 1.312510945264326878e+01
9 18 -2.958005419630960091e+02 3.006256780931353205e+02 1.181011407660110146e+00 1.335290367129661604e+01
9 19 -3.414837525685676951e+02 3.090905846516848214e+02 1.324169454443276495e+00 1.675380140844940868e+01
10 0 -3.256585579795610101e+02 3.088267755634688001e+02 1.510417630687177937e+00 1.489496448677722817e+01
10 1 -3.116434602884547189e+02 3.145004853215920093e+02 1.122633167708768198e+00 1.237648866263411662e+01
10 2 -3.200559003335459352e+02 3.380962095711166739e+02 1.271910369640567806e+00 1.353378791741553400e+01
10 3 -3.561838962566176860e+02 3.529026857918029236e+02 1.306831204541270663e+00 1.247505508543680186e+01
10 4 -2.993956840541027304e+02 3.363880560091446341e+02 1.145294969094637461e+00 9.559232791181743849e+00
10 5 -3.083713392698454641e+02 3.227230528565243048e+02 1.276689892600925802e+00 7.661020281347014738e+00
10 6 -2.953927367536485349e+02 3.202225923900527391e+02 1.277094571143037705e+00 6.595813738190745568e+00
10 7 -3.131961976521234874e+02 3.411270578060554612e+02 1.306251444192115363e+00 5.329614193547188350e+00
10 8 -3.145620347529871879e+02 3.574799956274215447e+02 1.907830617398211581e+00 5.284546801090299617e+00
10 9 -3.131347987359756644e+02 3.807816779877639419e+02 2.344225191122725871e+00 5.559848281496354794e+00
10 10 -3.145618704420481890e+02 3.707059062903548465e+02 1.567436825591911553e+00 4.995951932846439014e+00
10 11 -3.178065515176099893e+02 3.408412818241449145e+02 1.634026561889541096e+00 5.251815684965253972e+00
10 12 -3.202895456566748749e+02 3.437073001945332749e+02 1.361865967744128492e+00 6.194838453068591377e+00
10 13 -3.130837399085151560e+02 3.251308146891093998e+02 1.303411338932907393e+00 7.270977135480561238e+00
10 14 -3.175689035379276675e+02 3.257434408143076894e+02 1.308661152485480983e+00 8.451828742106183512e+00
10 15 -3.223265224174360810e+02 3.260613777087458516e+02 1.324174049616157589e+00 1.057777715879456615e+01
10 16 -2.999674262640266988e+02 3.179760498665984301e+02 1.428177114388163638e+00 1.305342447581941201e+01
10 17 -3.292843024686902140e+02 3.045462589760029459e+02 1.398025970678175911e+00 1.355433653650501213e+01
10 18 -2.818087256458414913e+02 3.437916965464069108e+02 1.544083183645425184e+00 1.647803434952194124e+01
10 19 -3.166129158626646358e+02 2.942265748564643673e+02 1.330801932265426535e+00 1.464977665676840601e+01
11 0 -3.181724880258281019e+02 2.895398065288324005e+02 1.358813970091816925e+00 1.245654097130876359e+01
11 1 -3.062560613971662633e+02 2.971335246956859351e+02 1.359528255696131671e+00 1.179378585194236884e+01
11 2 -3.316031791646771012e+02 3.321938010996402681e+02 1.047500324669885297e+00 1.212917069294393002e+01
11 3 -3.177301626465350068e+02 3.257321436948715814e+02 1.320865896382754867e+00 1.062350270105030958e+01
11 4 -3.169069586839619888e+02 3.265858426542999382e+02 1.215070225035326246e+00 9.933108402540455018e+00
11 5 -3.154251284736060938e+02 3.186799161545490051e+02 1.219523144403738213e+00 7.892282018984989378e+00
11 6 -3.114450336443552487e+02 3.281729802652110379e+02 1.350961887412422513e+00 7.270938346786962825e+00
11 7 -3.132987892126660086e+02 3.224175641890551560e+02 1.422436882173672146e+00 6.394538950532036914e+00
11 8 -3.112409562258328037e+02 3.507627256888193870e+02 1.574675113450764163e+00 6.220904991478606760e+00
11 9 -3.121358905513859554e+02 3.491813568673466079e+02 1.459209368301694898e+00 5.639344872550661414e+00
11 10 -3.156843861866231009e+02 3.445279425949304368e+02 1.433001707355362031e+00 5.874890827316773922e+00
11 11 -3.311947433711029589e+02 3.390531863303513092e+02 1.419834493881274584e+00 6.462396364693625550e+00
11 12 -3.231011213128593340e+02 3.139734297787479704e+02 1.410597497700005754e+00 7.373230840062499070e+00
11 13 -3.020668427622382524e+02 3.187161159751797754e+02 1.229321249066435362e+00 7.965654063135251484e+00
11 14 -3.341974119228944460e+02 3.392284069605227046e+02 1.425254378244442455e+00 9.873285162688471672e+00
11 15 -3.096987223506144460e+02 3.340071266127978902e+02 1.344702195490875329e+00 1.090387423496060038e+01
11 16 -3.289495776915261445e+02 3.344541684107633728e+02 1.216304993244461619e+00 1.208505931307929160e+01
11 17 -3.170961144820423101e+02 2.998422637600177723e+02 1.421697849972829442e+00 1.234063210112283571e+01
11 18 -2.740685980326497884e+02 3.222304471917810247e+02 1.341957175322405105e+00 1.446004004118227471e+01
11 19 -2.831769842118156362e+02 3.068703335366643046e+02 1.457064530852895778e+00 1.700090339094698777e+01
12 0 -2.961365809142172338e+02 3.129425898704001270e+02 1.246946603936244458e+00 1.463481926440240954e+01
12 1 -3.066282730166360011e+02 3.045673001389192791e+02 1.374197151930456107e+00 1.283098795928984615e+01
12 2 -3.108024907145538691e+02 3.284735634727198885e+02 1.173104708700550836e+00 1.203712366202884354e+01
12 3 -3.194785015166626749e+02 3.284772578099939437e+02 1.212788066766117279e+00 1.141500453344456112e+01
12 4 -3.294231192412087239e+02 3.248467902637264046e+02 1.172973107035836904e+00 9.581333636384099961e+00
12 5 -3.081162610164690818e+02 3.099062538906385385e+02 1.234855077710988569e+00 8.059445709900343147e+00
12 6 -3.104846584676359385e+02 3.093565124416026038e+02 1.383731702565532684e+00 8.249259812506364753e+00
12 7 -3.298409767680563505e+02 3.263559393379492803e+02 1.316033654512853479e+00 7.157074806534558853e+00
12 8 -3.079443110733359390e+02 3.053166499049337403e+02 1.537945156316558704e+00 7.199063126630597331e+00
12 9 -3.030369340735658170e+02 3.395245132796647454e+02 1.522491048213107323e+00 7.222247824756964363e+00
12 10 -3.050989699549322722e+02 3.435962702329505305e+02 1.381395245542190509e+00 7.841862826680658927e+00
12 11 -3.030638643375534116e+02 3.350835602159941118e+02 1.365174960183032971e+00 7.777113163956443032e+00
12 12 -3.058314706465813515e+02 3.482262962831857749e+02 1.101354153771271216e+00 7.998546714260671209e+00
12 13 -3.277510340635733428e+02 3.249464381539067972e+02 1.275373265370783438e+00 1.037785907973800725e+01
12 14 -3.014642576008297397e+02 3.096405625748230364e+02 1.268806120360664202e+00 1.007296908931062340e+01
12 15 -3.263273541082198790e+02 3.394318521728312135e+02 1.364089895402149866e+00 1.256618061069772452e+01
12 16 -3.078754840503668220e+02 3.092323117271980095e+02 1.288626008501182474e+00 1.293725861855330095e+01
12 17 -3.139981574241373323e+02 3.092304856546543874e+02 1.417912885713268345e+00 1.438154896126716764e+01
12 18 -3.323734945978837345e+02 2.962138578171181393e+02 1.159226843011992969e+00 1.324821089703653243e+01
12 19 -3.294658733374622557e+02 3.331849989597566264e+02 1.341308234643610708e+00 1.806089242794404370e+01
13 0 -3.334999736191424518e+02 2.858916489890767707e+02 1.393323195009700033e+00 1.356861504363124382e+01
13 1 -3.364311476343073082e+02 3.028950606701457104e+02 1.462147341237024278e+00 1.346563165267071049e+01
13 2 -3.168693452417759318e+02 3.295257106894699746e+02 1.328089573285712754e+00 1.344427146785447214e+01
13 3 -3.250669590202661539e+02 3.109254744465234808e+02 1.498485185614015780e+00 1.297460750988503086e+01
13 4 -3.279397018014427658e+02 3.238350816331042097e+02 1.374054340178146871e+00 1.154073193750017445e+01
13 5 -3.193530338479357056e+02 3.470895843591432595e+02 1.268666713074017238e+00 1.065776039684682353e+01
13 6 -2.891963390591759548e+02 3.318767224903519377e+02 1.318278264143143863e+00 9.213614126237885671e+00
13 7 -3.145096790351106506e+02 3.265503739966763419e+02 1.129213518621946966e+00 8.187285923166790269e+00
13 8 -3.242715978922016120e+02 3.215104172711891692e+02 1.055555586865341677e+00 8.195251838212017859e+00
13 9 -3.242866908140813962e+02 3.286455755827881831e+02 1.274978891054175723e+00 8.951283917981911031e+00
13 10 -3.142336576176010681e+02 3.411853457553467024e+02 1.249189166073124690e+00 8.625571317810130978e+00
13 11 -3.100244542729452633e+02 3.347332823259463908e+02 1.214280306749258909e+00 9.988677970935265549e+00
13 12 -3.138036941627677265e+02 3.006176735004180500e+02 1.225280137341640430e+00 8.698766953422930825e+00
13 13 -3.255090098514754686e+02 3.030891969984651837e+02 1.017351323585041101e+00 9.397141409903341014e+00
13 14 -3.020500821846222834e+02 3.414414082388667566e+02 1.231418072522799667e+00 1.268456687724716581e+01
13 15 -3.379328340664143866e+02 3.360025254547001623e+02 1.440609504218637982e+00 1.456764601621345889e+01
13 16 -3.082715920216916174e+02 3.140400011639385411e+02 1.300141377420546585e+00 1.521206596391935939e+01
13 17 -2.868216956254702268e+02 2.626102947025872822e+02 1.297954694377699170e+00 1.521101191559584898e+01
13 18 -3.173960184629203241e+02 2.882819730199749415e+02 1.372427679000232326e+00 1.501188768849813115e+01
13 19 -3.230369097697195002e+02 3.249593277026611418e+02 1.401389502284893451e+00 1.929541561095298619e+01
14 0 -3.197593241938106985e+02 2.857489495311115775e+02 1.489745684702156403e+00 1.570677449043641793e+01
14 1 -3.019625868061754090e+02 3.055464858970326532e+02 1.286228106689153661e+00 1.376063787900896607e+01
14 2 -3.130287014113013129e+02 2.884483347797232113e+02 1.429222297362459537e+00 1.410495988545420154e+01
14 3 -3.080007445242604831e+02 2.945023716037453028e+02 1.255633622840453212e+00 1.090298859538317089e+01
14 4 -3.165892417618028958e+02 3.148102390761157494e+02 1.171080348955071626e+00 1.153026011810243290e+01
14 5 -3.122595509149491022e+02 3.059471911078935591e+02 1.280077272630709029e+00 1.061743701839519716e+01
14 6 -2.991504942742532762e+02 3.477298415367793041e+02 1.045558709240499207e+00 1.107248802936728005e+01
14 7 -2.942484303643416865e+02 3.171438038096973742e+02 1.419035954552024359e+00 9.952359536678823559e+00
14 8 -3.135255899665629045e+02 3.195459027524658495e+02 1.243422318470218668e+00 9.575256603921035392e+00
14 9 -2.927432166317352653e+02 3.297135408853417857e+02 1.181992388777278080e+00 9.024602660845850721e+00
14 10 -3.094518772337777364e+02 3.312822429331058061e+02 1.179011962640067246e+00 1.016048083327487817e+01
14 11 -2.915840263685907985e+02 3.266460391742800198e+02 1.260019665453855131e+00 1.127543712706599877e+01
14 12 -3.471754257055445123e+02 3.183733514461409868e+02 1.126586474458682652e+00 1.158745724489572204e+01
14 13 -3.137419396243171832e+02 3.191128335802287097e+02 1.355227709267003311e+00 1.226235121231517589e+01
14 14 -3.365868629696431640e+02 3.398359050709282769e+02 1.377587580586413951e+00 1.494919131722407712e+01
14 15 -2.905586216699825854e+02 3.187468313838076028e+02 1.514060161241060465e+00 1.627069728940933047e+01
14 16 -2.978590595136063257e+02 3.061733662854957174e+02 1.238529229290537437e+00 1.625813859390371974e+01
14 17 -3.419526820589236422e+02 3.228413041662410592e+02 1.526225538741493581e+00 1.704935245869572924e+01
14 18 -3.262871299233535751e+02 2.819842665820046932e+02 1.595531382054543590e+00 1.749387392381343886e+01
14 19 -3.102213759458551863e+02 3.055857007878925060e+02 1.323547760641381688e+00 1.886415971624686705e+01
15 0 -3.278314504044395790e+02 2.920273390540846208e+02 1.724574887127100054e+00 1.946547332728632895e+01
15 1 -3.004641513271249664e+02 3.147830414587048722e+02 1.329786306191353296e+00 1.696897104560261837e+01
15 2 -2.844502421594895623e+02 2.942117211215647785e+02 1.461889528883224321e+00 1.519007993189051575e+01
15 3 -2.862682649288784660e+02 3.085748996711704990e+02 1.304377215107087595e+00 1.558150426745997663e+01
15 4 -3.019977420615647361e+02 3.123673789718171747e+02 1.357996579441721918e+00 1.305911459664849339e+01
15 5 -3.153147967815903598e+02 3.212460831444104201e+02 1.231933078807670556e+00 1.170275810327590982e+01
15 6 -3.015305483018893824e+02 3.052087064492545778e+02 1.156642965014345714e+00 1.107592590455809933e+01
15 7 -2.959881119393233462e+02 3.177690899376862603e+02 1.252681014812799143e+00 1.127953677780514496e+01
15 8 -3.223489256926343387e+02 3.265511008474697974e+02 1.080514745059771631e+00 1.143900189094752484e+01
15 9 -2.923264424914897290e+02 3.161831118488740344e+02 1.046074362971440408e+00 1.088954049542378044e+01
15 10 -3.235416277076531628e+02 3.108898982771018495e+02 1.282922951415555346e+00 1.207044466223513624e+01
15 11 -2.967895053553772300e+02 3.015863637844301479e+02 1.397903523590849240e+00 1.363458278497092202e+01
15 12 -3.051618114660007564e+02 3.022844219074760872e+02 1.349385436456645104e+00 1.228812102452635280e+01
15 13 -3.169471761615159835e+02 2.903475128657381106e+02 1.315786623574574987e+00 1.509506681110648607e+01
15 14 -2.995724545565302037e+02 3.114040562423517144e+02 1.442248478264514411e+00 1.649085538284754193e+01
15 15 -3.306618870541529986e+02 2.843773805715878211e+02 1.408408961122402436e+00 1.552219967668867540e+01
15 16 -3.085704911428722994e+02 3.232154158721518229e+02 1.489655481078959065e+00 1.922192534301020217e+01
15 17 -3.531610935639019999e+02 3.031281438023285659e+02 1.171700322411793671e+00 1.629479766453574996e+01
15 18 -2.817932329224451564e+02 3.166667457211962073e+02 1.482325563780418909e+00 1.950652270448739856e+01
15 19 -3.042629713475080280e+02 2.700679810996413153e+02 1.562791498786737066e+00 1.784072228225684142e+01
16 0 -3.022167743137623006e+02 2.762035913302905215e+02 1.519394912862729097e+00 1.722237247135169724e+01
16 1 -3.260563864915669114e+02 2.720065234323952268e+02 1.529657506072881201e+00 1.618021965051973865e+01
16 2 -2.769403680539893458e+02 3.273130064571636808e+02 1.484861605997111145e+00 1.765049177929138935e+01
16 3 -2.853208800949375927e+02 3.322553291301858849e+02 1.343456898847146475e+00 1.696655129987845001e+01
16 4 -3.362446312447327728e+02 3.095357015577482684e+02 1.329823507321320930e+00 1.330438555694085956e+01
16 5 -3.238589264449880716e+02 3.213466756507166338e+02 1.507570419558633468e+00 1.433282114878810276e+01
16 6 -2.920786675583792089e+02 3.072942973526529613e+02 1.221390095340411319e+00 1.465917860830311703e+01
16 7 -3.016512425051746504e+02 3.295042212559645236e+02 1.203602366818350422e+00 1.420085002041712841e+01
16 8 -3.068522708149710638e+02 3.204540018641558845e+02 1.393510673860414162e+00 1.409862218001210898e+01
16 9 -2.856913164977943325e+02 2.806911337512159434e+02 1.318220173597800748e+00 1.162059567141028538e+01
16 10 -2.890100923930573913e+02 3.285930591061417090e+02 1.393693413802765457e+00 1.385213890567380446e+01
16 11 -3.128859430969455389e+02 3.040473722188964985e+02 1.380642406324932292e+00 1.444860815395057152e+01
16 12 -3.028179345094954442e+02 3.271934808610121195e+02 1.158035012801903463e+00 1.618092287951121122e+01
16 13 -3.205524618543598194e+02 2.985160367359525253e+02 1.278890192047820396e+00 1.468983833488504587e+01
16 14 -3.345077698476045498e+02 3.438327628978187818e+02 1.545120234648871715e+00 2.129287471711135993e+01
16 15 -3.094609864055237267e+02 2.623641991357130223e+02 1.433818249792049526e+00 1.830334224741659455e+01
16 16 -3.268525800602387790e+02 3.226954236767728617e+02 1.398253784955174162e+00 1.909269874844758874e+01
16 17 -3.360025577795793197e+02 2.549366974840246201e+02 1.403801545893992087e+00 1.811971955502910703e+01
16 18 -2.989172464301220202e+02 2.786549013172951277e+02 1.483365443221775992e+00 2.129402869797483078e+01
16 19 -3.941797509397532053e+02 3.470278837444487294e+02 1.414739628390232040e+00 2.646306831231162704e+01
17 0 -3.121951407032227621e+02 2.776271841175266104e+02 1.666833569601899434e+00 2.091299771768481008e+01
17 1 -3.134210878870655392e+02 3.193067886994411424e+02 1.608729019133463334e+00 2.208056307710276656e+01
17 2 -3.274192343991434200e+02 2.895473294196853544e+02 1.713030421126082947e+00 1.715743961927090311e+01
17 3 -3.408778910735962313e+02 2.744213362860143661e+02 1.587749544845489913e+00 1.855781140795354744e+01
17 4 -3.334136502634726753e+02 2.974244706991051999e+02 1.334212155582100934e+00 1.663522698573693148e+01
17 5 -3.367964576341730094e+02 2.801344968245566633e+02 1.379897078327870563e+00 1.497323581428456230e+01
17 6 -3.158690088350874703e+02 3.187764307230980876e+02 1.489741062296475071e+00 1.690432051857510842e+01
17 7 -3.567091401229119469e+02 2.978508398087561204e+02 1.502144135790038471e+00 1.682256586000454135e+01
17 8 -3.360011318493710633e+02 3.137034996159303546e+02 1.465461264228705707e+00 1.611087946732686405e+01
17 9 -3.420971599128261005e+02 3.113452490996301094e+02 1.381896959431489602e+00 1.558745540385951500e+01
17 10 -3.188029216506839703e+02 2.702751759994328609e+02 1.244165477152891386e+00 1.413263737804832765e+01
17 11 -2.726582832109533001e+02 3.028175037345779970e+02 1.279406467795021873e+00 1.529845728751620193e+01
17 12 -3.508472168572806140e+02 3.553150647416454717e+02 1.353974208531791623e+00 2.146759277491616658e+01
17 13 -3.235957669010989548e+02 2.855229286186527702e+02 1.533883764305055797e+00 1.731403430846609837e+01
17 14 -3.185701517964550931e+02 3.221807867845990359e+02 1.545503795481558695e+00 2.141759135649096280e+01
17 15 -3.435403143768518248e+02 2.721986787026048091e+02 1.425636188290596795e+00 1.737625132475087497e+01
17 16 -3.337090505193009449e+02 2.930755099450202579e+02 1.467770719341426222e+00 2.077031237363045335e+01
17 17 -3.304343483538594910e+02 2.747663283512580392e+02 1.491041040151783292e+00 2.125154046033084398e+01
17 18 -2.753359641917494400e+02 3.339097835419120202e+02 1.590964159859964200e+00 2.392900019144911639e+01
17 19 -3.210549050461157208e+02 2.846815653666067760e+02 1.454406698610982263e+00 2.265265669065001930e+01
18 0 -3.035254906638362513e+02 2.922377931366077632e+02 1.442949715801117527e+00 2.062278824991759052e+01
18 1 -3.210889113316438852e+02 2.886483521389774296e+02 1.465721496220119935e+00 2.127274052416790440e+01
18 2 -2.887951043746382993e+02 2.691747905808247765e+02 1.422097951207513589e+00 1.676129747669401482e+01
18 3 -3.253330983354377395e+02 2.986320027212190098e+02 1.455219386293129080e+00 1.706975971262182057e+01
18 4 -3.337471564095214944e+02 2.726553001916164476e+02 1.445418629365497809e+00 1.519262161572771852e+01
18 5 -3.458100508048337929e+02 3.040428773118142658e+02 1.511084175598951251e+00 1.922549848535803108e+01
18 6 -3.357272090789183494e+02 3.030792238277520596e+02 1.681459801384954877e+00 1.658015741519084330e+01
18 7 -3.406164366683458979e+02 2.897969432262086684e+02 1.632429646006292367e+00 1.774411478119011676e+01
18 8 -3.367084714933286023e+02 2.477155008761308750e+02 1.567983859873985031e+00 1.561285647091700746e+01
18 9 -3.100284950329803451e+02 3.199694352438567080e+02 1.244829865820716419e+00 1.732500684191376195e+01
18 10 -3.115328050960449673e+02 3.044552201860618652e+02 1.459567777341918005e+00 1.792501308860621378e+01
18 11 -2.931758119557127884e+02 2.938997049157962351e+02 1.534818104801106031e+00 1.777174247450329503e+01
18 12 -3.055029174905189961e+02 3.302149911864226510e+02 1.419070394680186586e+00 1.955022398225458602e+01
18 13 -3.434290150175941108e+02 3.097329077418904717e+02 1.477199816976784374e+00 2.148940670666027586e+01
18 14 -3.317940591567018487e+02 2.756869070290428567e+02 1.544400398279672126e+00 2.002059437486740379e+01
18 15 -3.747911964731693502e+02 3.111142428780478895e+02 1.262047538027348814e+00 2.220460120281568450e+01
18 16 -3.262441890700429212e+02 2.562636107567153658e+02 1.493426547530334325e+00 2.097643162639112902e+01
18 17 -2.756748361077346772e+02 2.844430015913587226e+02 1.271492537041696513e+00 2.224951071420691306e+01
18 18 -2.622800161085920649e+02 3.310398387678048380e+02 1.532543682642419913e+00 2.997505182115438771e+01
18 19 -2.958891170671126929e+02 2.392396091228196155e+02 1.432363832408182880e+00 2.229474336750854846e+01
19 0 -2.836134210514248934e+02 2.447062717708051025e+02 1.728296896254964299e+00 2.300064890613470325e+01
19 1 -3.650794867456096995e+02 2.707086018904850562e+02 1.590471600618444725e+00 2.090657051862291382e+01
19 2 -2.990835898973911071e+02 3.672013388881106835e+02 1.552871197452503571e+00 2.280866198214466678e+01
19 3 -3.480394646248382742e+02 2.655981732825401878e+02 1.716140498013286830e+00 1.923000377813647788e+01
19 4 -3.443392513725967774e+02 2.924890029190896144e+02 1.419056777253896673e+00 2.004243214492463920e+01
19 5 -3.731946293866650421e+02 3.141224304969455261e+02 1.559919629291609988e+00 2.134279456252286877e+01
19 6 -3.340192839447801134e+02 2.642012497438267928e+02 1.450345985009439786e+00 1.781043101905727966e+01
19 7 -3.421062047496022842e+02 2.817896331318497118e+02 1.409203537772039549e+00 1.765983434524434159e+01
19 8 -2.650031818479084222e+02 3.089868901732949666e+02 1.643546697276437429e+00 2.206391849986714249e+01
19 9 -3.018370312953625216e+02 2.580720149674790491e+02 1.764468203716875072e+00 1.801833427497807705e+01
19 10 -2.749544150160781442e+02 3.013491660930937428e+02 1.757547740460239760e+00 2.067029026846307715e+01
19 11 -3.367375602512959745e+02 2.886395247386311667e+02 1.571269698521303049e+00 1.867601163472638959e+01
19 12 -2.968528676775271151e+02 2.675251583400151958e+02 1.473901682123436085e+00 1.766962292296887682e+01
19 13 -2.984937370613342864e+02 2.744637419157508589e+02 1.579519098069422700e+00 2.031721716947436462e+01
19 14 -2.659768623796273914e+02 3.561159240066018015e+02 1.505321102652025456e+00 2.680511162749710508e+01
19 15 -3.020605719589900673e+02 2.423231383706351778e+02 1.594502312187223936e+00 1.973741637723147235e+01
19 16 -2.688876721454618632e+02 2.982363904958536978e+02 1.787217950198876970e+00 2.830986414131303519e+01
19 17 -3.321314587511731702e+02 2.689628026962151921e+02 1.576976952235253915e+00 2.244567766042014867e+01
19 18 -2.769397812539660322e+02 3.035878960729490359e+02 1.332548871970009374e+00 2.711772928326407239e+01
19 19 -2.921425927276101220e+02 2.736627630740505879e+02 1.638526764579065320e+00 3.018898582344016646e+01
