# y_px x_px vel(km/s) disp(km/s) chi2/DOF dV dsigma
0 0 -3.432918330355222452e+02 3.036128394967128088e+02 9.999999740875771259e-01 3.153517459613200558e+01 3.022572060744028732e+01
0 1 -3.444084518304702556e+02 2.437438703018744377e+02 1.000000023441868668e+00 2.567259046369013475e+01 2.569109295625025879e+01
0 2 -3.274987662071366117e+02 3.923176914046382535e+02 9.999999646209242199e-01 3.102087908489469825e+01 2.816272080113736109e+01
0 3 -2.707018821136952624e+02 3.205778224706691617e+02 1.000000024723904479e+00 2.767850183276253162e+01 2.684571645913215932e+01
0 4 -3.319989418108528412e+02 3.048866523339564196e+02 1.000000005021685290e+00 2.449887081212449758e+01 2.410147231646442734e+01
0 5 -3.207181558004554063e+02 2.939709839605611705e+02 9.999999901922718148e-01 2.498516739274903031e+01 2.365582576264370118e+01
0 6 -3.137122789502167848e+02 2.797153098692234039e+02 9.999999913839681120e-01 1.891292339126268018e+01 1.850007286749510271e+01
0 7 -2.818708038865613617e+02 3.158403538414938794e+02 9.999999997755122383e-01 1.991056102400015249e+01 1.839946300049629357e+01
0 8 -3.070868154340018918e+02 3.171342797682991090e+02 1.000000006897865834e+00 2.191347067715930663e+01 2.109427902797191479e+01
0 9 -3.346916450556828408e+02 3.330964935849485187e+02 1.000000026183567536e+00 2.209912122924713884e+01 2.119339375089688104e+01
0 10 -2.863720822230367844e+02 2.545601974510209118e+02 1.000000047571743433e+00 1.775344846534729371e+01 1.895179338476357600e+01
0 11 -3.335564660696658166e+02 3.074782669199874476e+02 9.999999904428592545e-01 1.668707824353523250e+01 1.702647714216229247e+01
0 12 -3.163985664254491894e+02 2.974003568362082319e+02 1.000000030038231680e+00 1.657844452131247692e+01 1.636979855303547637e+01
0 13 -2.999696876680043829e+02 2.700645767983206724e+02 9.999999690248828621e-01 1.819250149474473943e+01 1.802642479710610246e+01
0 14 -3.161165195241011361e+02 2.709891694751569275e+02 9.999999697647530272e-01 1.563455131428672473e+01 1.535334068284564601e+01
0 15 -3.066304814919472506e+02 2.647994673030867148e+02 9.999999682278594149e-01 1.658269755763248909e+01 1.611098228167313096e+01
0 16 -3.396251197550229790e+02 2.522747123407913818e+02 9.999999626118927232e-01 1.712994529446130088e+01 1.790736277290519496e+01
0 17 -3.196014829176130547e+02 2.833972840711669505e+02 1.000000025449302665e+00 1.859996903082883790e+01 1.825721198321037164e+01
0 18 -2.884905015892914548e+02 3.201604093413924375e+02 1.000000039268780005e+00 2.270749888382130521e+01 2.206952828709358627e+01
0 19 -3.207719716418438338e+02 3.030755030359626971e+02 1.000000004557465738e+00 2.344231234223071425e+01 2.278507876300484369e+01
1 0 -2.474701540259836747e+02 2.909066712919800466e+02 9.999999595521055218e-01 2.467409112826698703e+01 2.373741752912501823e+01
1 1 -2.640786413714903347e+02 2.410886578874967938e+02 9.999999606556808640e-01 2.069025593462191637e+01 2.101700272659941149e+01
1 2 -3.239649977505064840e+02 2.817023577385377280e+02 9.999999847549493337e-01 2.285378378695982349e+01 2.171541619604081319e+01
1 3 -2.932112503392407348e+02 2.890496931377134047e+02 1.000000014018217254e+00 1.880426788638927960e+01 1.846752899940684500e+01
1 4 -2.917368868000897351e+02 2.912399312940877394e+02 9.999999881753532938e-01 2.155207653608584195e+01 2.112494433262328997e+01
1 5 -3.344099717117894670e+02 2.902581432592157853e+02 9.999999834641557506e-01 1.608923567289103573e+01 1.581160135510265974e+01
1 6 -2.757156310455743551e+02 3.013904130557002645e+02 9.999999534056670525e-01 1.921795216120008121e+01 1.808937846868974475e+01
1 7 -2.926715567616531644e+02 2.903930499823459854e+02 9.999999976743796370e-01 1.930653456809490720e+01 1.863980296589503638e+01
1 8 -2.928103916736019414e+02 3.235252349162913106e+02 1.000000024361777706e+00 1.943857741390798566e+01 1.910574498743025629e+01
1 9 -3.349258682394669222e+02 2.987960935356820187e+02 1.000000015783807594e+00 1.635430704624778642e+01 1.626366000211616836e+01
1 10 -3.254384257084214482e+02 3.012960689691619791e+02 1.000000044078819927e+00 1.495938553208575428e+01 1.430572442100746677e+01
1 11 -3.357408047047367177e+02 3.399063063020822710e+02 1.000000009780457333e+00 1.792876244287712240e+01 1.704514274429918785e+01
1 12 -3.129769626573901746e+02 2.998670601844843873e+02 9.999999986545357045e-01 1.566907082548002883e+01 1.477113172760867243e+01
1 13 -3.321316858945646686e+02 2.882316621533539660e+02 9.999999927841561886e-01 1.627620919748547479e+01 1.590526399761140475e+01
1 14 -3.016246660673808719e+02 2.921989954077872085e+02 1.000000015593732972e+00 1.590999293567955242e+01 1.535065894623969918e+01
1 15 -3.005258715957842810e+02 2.872285447076080231e+02 9.999999688062900516e-01 1.527565796679557941e+01 1.529281190775516208e+01
1 16 -2.989853551554558067e+02 3.226325676984359347e+02 9.999999574675373371e-01 2.034139102438699709e+01 1.920055409770520427e+01
1 17 -3.051374641266160666e+02 2.709818671175304416e+02 1.000000008530174789e+00 1.657761309168919794e+01 1.637658212850440620e+01
1 18 -3.148013589192629524e+02 3.620795222864292668e+02 1.000000023561929963e+00 2.540789415880147573e+01 2.446431241142141388e+01
1 19 -3.207870630513318702e+02 2.770340553713010650e+02 9.999999963482527621e-01 1.952959301016672811e+01 1.971812747021107981e+01
2 0 -3.022578690279251532e+02 3.081396861143780370e+02 1.000000007825362802e+00 2.749741084556711002e+01 2.531737755471244000e+01
2 1 -3.475383755751407762e+02 2.778108328244883864e+02 1.000000026723557145e+00 2.153862834788809266e+01 2.095373071214330452e+01
2 2 -3.042896736489907994e+02 3.291674247011955572e+02 9.999999803906051143e-01 2.403325643994544691e+01 2.258892671817493536e+01
2 3 -3.257383503067305242e+02 3.437471795887964277e+02 1.000000001018580109e+00 2.038854898546014027e+01 1.970996643007466886e+01
2 4 -3.046561031509926920e+02 2.969428896670474955e+02 9.999999965328368878e-01 1.890766831666377001e+01 1.782052741982032984e+01
2 5 -3.173727618451281955e+02 2.466760323848575354e+02 1.000000033894618445e+00 1.450962876193068318e+01 1.452818149234898648e+01
2 6 -3.528803225576588716e+02 2.966072743585402804e+02 9.999999653464154425e-01 1.592642375721954018e+01 1.534233521449426441e+01
2 7 -3.118222023455790577e+02 3.135024128693259513e+02 1.000000012117606918e+00 1.632655898617663581e+01 1.566263918098640140e+01
2 8 -3.238604431030761361e+02 2.897015051872052140e+02 9.999999662654199817e-01 1.587339793192767523e+01 1.581480906502214800e+01
2 9 -3.056078955723506283e+02 2.952672229662618975e+02 1.000000013736499715e+00 1.442889522810963676e+01 1.423209152078750250e+01
2 10 -3.105783861931947740e+02 2.950183823218516750e+02 9.999999857988782770e-01 1.461855774856237566e+01 1.416727672050402376e+01
2 11 -3.347180607965509012e+02 3.020544830383892076e+02 9.999999810272449663e-01 1.378514516780276189e+01 1.379026028889740196e+01
2 12 -3.199305366814359104e+02 3.253639875002661483e+02 9.999999754543018593e-01 1.610326202579384969e+01 1.482173780865130119e+01
2 13 -3.154255456129283175e+02 2.998978961868702413e+02 1.000000044227488338e+00 1.360316610574960627e+01 1.315538482675349741e+01
2 14 -3.428270327502863779e+02 3.125916915768424929e+02 1.000000048938622266e+00 1.590719351004382354e+01 1.558004800682040347e+01
2 15 -3.306984292423672400e+02 3.298028769523763231e+02 9.999999914753597841e-01 1.638810203384673869e+01 1.582126557474750506e+01
2 16 -3.030766763953305372e+02 3.098927504973412397e+02 1.000000036186443397e+00 1.630276651546736488e+01 1.603412145338692696e+01
2 17 -2.633451068410833500e+02 3.081265049700238592e+02 9.999999941149914084e-01 1.803994283085996386e+01 1.750695368801119756e+01
2 18 -2.870864559648996988e+02 2.970354653609880984e+02 1.000000013803845622e+00 1.705459835342823283e+01 1.636132835634129634e+01
2 19 -2.966093384085993421e+02 2.868051893574875066e+02 1.000000036355387145e+00 2.013111712918433227e+01 1.939355910113826198e+01
3 0 -3.263276916899841922e+02 2.632082596981089750e+02 9.999999740055911523e-01 1.899549124907049702e+01 1.832132937808154338e+01
3 1 -2.852095646184158113e+02 2.777947168720888840e+02 1.000000031303862613e+00 1.795874672877672751e+01 1.765037137268600631e+01
3 2 -3.247396944952444073e+02 2.875653387108600896e+02 9.999999796498885152e-01 1.838031367378567182e+01 1.835838269816619572e+01
3 3 -3.586446607172699146e+02 3.169844150837860184e+02 9.999999673563486624e-01 1.925970582442841561e+01 1.824767855641458425e+01
3 4 -3.046955267661308540e+02 3.004649790717923565e+02 1.000000019840419974e+00 1.615745504477210304e+01 1.564701461795330850e+01
3 5 -2.712497673059262979e+02 3.022256058327716346e+02 1.000000014778861468e+00 1.624457090720355268e+01 1.567647215529098048e+01
3 6 -3.430695020084029352e+02 3.047597104311224712e+02 9.999999929568249568e-01 1.405236673173460460e+01 1.384321011472362706e+01
3 7 -3.186920301097540573e+02 3.249767215987239979e+02 9.999999591855527337e-01 1.454585466286400930e+01 1.413100595323404107e+01
3 8 -2.954654496166197646e+02 3.101989314623165797e+02 1.000000034101329760e+00 1.389436398931734473e+01 1.364107898817308495e+01
3 9 -3.169782085840960235e+02 3.181205575946146951e+02 9.999999664387289044e-01 1.380007912976610207e+01 1.342925148276816749e+01
3 10 -2.817351032021804826e+02 3.059412377167500381e+02 1.000000015156035760e+00 1.280832088824595338e+01 1.212376320447279454e+01
3 11 -3.354202002340664421e+02 3.234637825613489213e+02 9.999999706540154687e-01 1.204872833326918524e+01 1.156286448491288787e+01
3 12 -3.058018751910302058e+02 3.259686344176988655e+02 9.999999761893390016e-01 1.435609948872151875e+01 1.335251350599013875e+01
3 13 -3.258720465617176956e+02 3.157653145295940931e+02 1.000000019734868628e+00 1.395578046011039852e+01 1.364216813352519253e+01
3 14 -2.774913534556922059e+02 2.811618651097713837e+02 1.000000041579301113e+00 1.247322918253757251e+01 1.299906814700134916e+01
3 15 -3.218395786005494301e+02 3.069039351036856829e+02 9.999999562641456174e-01 1.567429320274281679e+01 1.466106887105194012e+01
3 16 -3.186310265780296618e+02 3.036357827465050150e+02 9.999999715841049186e-01 1.620554042820457852e+01 1.532927185814180149e+01
3 17 -2.972392826446851473e+02 3.691285043785678681e+02 9.999999572646063317e-01 2.260617515553201429e+01 2.237112638428709843e+01
3 18 -3.027790225421373975e+02 2.765766518062643513e+02 1.000000008528964424e+00 1.530278332227046612e+01 1.468534570511055115e+01
3 19 -3.151844683335311288e+02 2.732468709638753239e+02 1.000000030428362052e+00 1.833068741248104416e+01 1.774114402292645920e+01
4 0 -3.429603125784939834e+02 2.711925005609327854e+02 9.999999646502036876e-01 1.908216874746034009e+01 1.898653490689862977e+01
4 1 -2.958966893023168154e+02 3.267968324252266825e+02 9.999999831296816355e-01 2.030386795078923967e+01 1.958738802914398747e+01
4 2 -3.269952697993949755e+02 2.707735962173230178e+02 1.000000044364001806e+00 1.486816634470859277e+01 1.473965254366697941e+01
4 3 -3.525806918075352314e+02 3.236502127562833948e+02 9.999999581431460172e-01 1.710584014893350258e+01 1.666589448272908314e+01
4 4 -3.048685711060926451e+02 3.101500807895491221e+02 1.000000019723281452e+00 1.464550320795311045e+01 1.415960352517909548e+01
4 5 -2.959487868802318644e+02 3.008522613740598786e+02 9.999999981824857498e-01 1.362940420085333315e+01 1.287324849200375532e+01
4 6 -3.405093312202756692e+02 3.177150445993555081e+02 9.999999456691980315e-01 1.411181182923360211e+01 1.376145394152396939e+01
4 7 -3.427685442109541896e+02 3.206490189867650429e+02 1.000000024078882666e+00 1.441386396944938220e+01 1.402097027361447878e+01
4 8 -3.414039053675087416e+02 3.022931845670207736e+02 9.999999659452211143e-01 1.132268272783129248e+01 1.096307613895594280e+01
4 9 -3.086717622148200917e+02 3.268720272436069649e+02 1.000000011473021200e+00 1.247918506853537046e+01 1.220582192362971519e+01
4 10 -3.100875513148005780e+02 3.194478604984271897e+02 1.000000045497883461e+00 9.907274045826994779e+00 9.658737698997049037e+00
4 11 -3.017877963403067838e+02 3.337104451536290526e+02 9.999999564791238749e-01 1.098042991159747572e+01 1.070097827676628732e+01
4 12 -3.259488619206699127e+02 3.355002949664336711e+02 1.000000022460100890e+00 1.281788585144119352e+01 1.217513250983264683e+01
4 13 -3.141231252314751146e+02 3.167522193720026280e+02 1.000000002221883344e+00 1.123447129473416339e+01 1.070438071528686841e+01
4 14 -2.967393567834966461e+02 3.072266227921884365e+02 1.000000006123347163e+00 1.353333755012839568e+01 1.315459325885011843e+01
4 15 -2.999378252711033497e+02 3.364359116770376090e+02 1.000000001212657308e+00 1.389411963561302166e+01 1.346913016769924099e+01
4 16 -3.305513274899572593e+02 3.488879627744207141e+02 9.999999989277589263e-01 1.570787913370420874e+01 1.511511412004202448e+01
4 17 -3.215294125849910643e+02 2.916374097006177522e+02 1.000000038145460568e+00 1.316440971594704656e+01 1.279298920296760045e+01
4 18 -3.150935634438051238e+02 2.814949803027915891e+02 1.000000037021222088e+00 1.548344582758188182e+01 1.519991292850375331e+01
4 19 -3.185428587452984175e+02 3.048860813795539570e+02 1.000000025203358289e+00 1.913371608021103398e+01 1.872940359521363973e+01
5 0 -2.997380601894957977e+02 3.208316048374976504e+02 9.999999767331909650e-01 2.079942296021718207e+01 2.071980164691257542e+01
5 1 -2.993776189568899326e+02 3.173154559944529751e+02 9.999999479812865522e-01 1.689844804179065108e+01 1.646242060309324984e+01
5 2 -2.853604085464349396e+02 2.842238069276237411e+02 9.999999595890264326e-01 1.434059628098733974e+01 1.381895366159588079e+01
5 3 -3.174813899524550607e+02 2.974766359859219733e+02 1.000000037339373371e+00 1.439220634702055079e+01 1.414813461307255338e+01
5 4 -3.103328907562095083e+02 3.149396445796884905e+02 1.000000016827937266e+00 1.358472065383038618e+01 1.314101813945216080e+01
5 5 -3.445538171691627554e+02 3.276309664884083759e+02 9.999999677838175005e-01 1.308793636931540760e+01 1.277986979412691326e+01
5 6 -2.768551400578833181e+02 3.215638192130262496e+02 1.000000007272743963e+00 1.184416595307131814e+01 1.095799099267622623e+01
5 7 -3.164305545262695318e+02 3.220910784033281971e+02 9.999999505023536850e-01 1.082714258973083687e+01 1.055527788339483664e+01
5 8 -2.930960463280079011e+02 2.990023538912878394e+02 9.999999942597874725e-01 9.001752277173268979e+00 8.763925704667325789e+00
5 9 -3.229491017483852033e+02 3.258932316186287039e+02 1.000000023400480442e+00 9.809852021598029381e+00 9.296477096981814014e+00
5 10 -3.225443102318899378e+02 3.213108039335107264e+02 1.000000041819828489e+00 9.092486684983178691e+00 8.579323377288091024e+00
5 11 -3.191144803906746574e+02 3.407000576037098654e+02 1.000000012211453182e+00 9.728237510092634821e+00 9.008484984426727848e+00
5 12 -3.221463998032338054e+02 3.487186683173615052e+02 1.000000031196924377e+00 1.097783085785957802e+01 1.071527149518014355e+01
5 13 -3.106234985985219055e+02 3.143411427721058544e+02 9.999999733958032655e-01 9.353429088000440927e+00 9.143606708554642637e+00
5 14 -3.101557667329670949e+02 3.292655527310654406e+02 9.999999928877832955e-01 1.174727432906272462e+01 1.121431401065043687e+01
5 15 -3.142738565975896563e+02 2.887630731128977004e+02 9.999999521882388942e-01 1.148082148940128988e+01 1.115486686216886625e+01
5 16 -3.163114942234251430e+02 3.331645552219938509e+02 9.999999698819540539e-01 1.528478341634981241e+01 1.433596094378874675e+01
5 17 -2.864667285744057494e+02 3.010573185999576822e+02 1.000000005260240465e+00 1.416210129934188267e+01 1.379931813625202253e+01
5 18 -2.872163622116419219e+02 2.980131112563729516e+02 1.000000019552908848e+00 1.415002774055559875e+01 1.389072231097434873e+01
5 19 -3.108546557010312767e+02 3.363321911921675564e+02 9.999999511773873806e-01 2.040585180224334039e+01 1.995923228554042694e+01
6 0 -3.373332608132464543e+02 3.180089590211616724e+02 9.999999911599202207e-01 1.877937307476292972e+01 1.796414412774584335e+01
6 1 -3.235175204250709271e+02 3.297456789181696308e+02 9.999999605530514035e-01 1.664571399212185554e+01 1.622195227021097708e+01
6 2 -3.472745717938767029e+02 3.413757575828775543e+02 9.999999802197725440e-01 1.745561892163970796e+01 1.689235419686459494e+01
6 3 -3.072643563850128317e+02 3.231184147650209866e+02 9.999999468210246656e-01 1.515204332893865313e+01 1.468188273713998093e+01
6 4 -3.313750596671404764e+02 3.439469792826902221e+02 9.999999690581484746e-01 1.332189243566503123e+01 1.308708221418236128e+01
6 5 -3.187929031195369021e+02 3.346522276638187350e+02 9.999999644375017205e-01 1.197876727791994611e+01 1.171239032275721748e+01
6 6 -3.371623913711608225e+02 3.279421195153815347e+02 9.999999827694795451e-01 1.067807701964703604e+01 1.013365462699287178e+01
6 7 -3.113249023680521645e+02 3.283057738215418908e+02 1.000000015633667472e+00 8.965662823864292363e+00 8.356154159527692471e+00
6 8 -3.292223869355490820e+02 3.507247821215606791e+02 1.000000036800794190e+00 8.266401199732632321e+00 8.023666990904295915e+00
6 9 -3.299197098272783251e+02 3.311697141115549243e+02 1.000000008609868596e+00 7.418795645043380738e+00 7.150686263789988395e+00
6 10 -2.991195716018839903e+02 3.312416624943050465e+02 1.000000046199008841e+00 7.034425926982748045e+00 6.604497118991834448e+00
6 11 -3.217566425811256181e+02 3.209342911075778488e+02 9.999999905957779323e-01 7.369334950381050575e+00 6.858548835045776393e+00
6 12 -3.230883429854418409e+02 3.093722626130452795e+02 9.999999818269449392e-01 7.486560504239706759e+00 7.353074329889056848e+00
6 13 -3.236402836991596246e+02 3.073903957704745267e+02 1.000000003428885398e+00 8.581851289601347688e+00 8.352639453452658458e+00
6 14 -3.105541258380043246e+02 3.168360496238787505e+02 9.999999944967918886e-01 9.306667666394883298e+00 8.999860625188594199e+00
6 15 -3.087110987009704104e+02 3.298377077767114542e+02 9.999999810962291180e-01 1.181330182783860394e+01 1.142403905048162827e+01
6 16 -3.302526050375664113e+02 3.394094779597588172e+02 1.000000014041322993e+00 1.431120765702855024e+01 1.357261482573517597e+01
6 17 -2.990165492481560818e+02 3.178696405364727298e+02 1.000000000990362015e+00 1.389878461420399169e+01 1.361998971963371474e+01
6 18 -3.074317112180822278e+02 3.004315782094935230e+02 1.000000033057603543e+00 1.526185081752478290e+01 1.435709416544437289e+01
6 19 -3.353276171579498737e+02 3.141466001469975140e+02 1.000000030436064558e+00 1.554917673343537210e+01 1.489391635422303573e+01
7 0 -2.909012952419079170e+02 2.934660929994318508e+02 9.999999939922656900e-01 1.762242109518521715e+01 1.711997262329500202e+01
7 1 -2.880705246176784726e+02 3.001793469711583953e+02 1.000000055023184675e+00 1.407490171362372777e+01 1.383586693730939388e+01
7 2 -3.028036415376211608e+02 3.232227215472187254e+02 1.000000032009819240e+00 1.363808053201971049e+01 1.306117599027666287e+01
7 3 -2.936422227157303837e+02 3.067425787795428391e+02 9.999999561054747632e-01 1.191481097387687171e+01 1.148643288222439018e+01
7 4 -2.993430061392942889e+02 3.308948725382372800e+02 9.999999732962705501e-01 1.242146240726048134e+01 1.145950041235838590e+01
7 5 -3.191216713136359999e+02 3.262983487616107823e+02 1.000000023223329926e+00 1.076610468505081109e+01 1.035626160238596150e+01
7 6 -3.372386125099428114e+02 3.474071508168463538e+02 9.999999529625064332e-01 9.649095814640896052e+00 9.340452208045080695e+00
7 7 -3.229795053196743879e+02 3.238202521019192091e+02 9.999999994020492000e-01 7.559813971342554062e+00 7.290352583320512281e+00
7 8 -3.288001940457561432e+02 3.368007583553547306e+02 9.999999959963663532e-01 6.638837887478527655e+00 6.519453489982256933e+00
7 9 -3.270829901595901106e+02 3.482145629210982634e+02 9.999999993622663563e-01 6.269588936246261568e+00 6.115205894280757448e+00
7 10 -3.139097445506977806e+02 3.380992547824683356e+02 9.999999541012216664e-01 6.281037262713080160e+00 6.062924521581815718e+00
7 11 -3.228591454136338257e+02 3.321132356257824085e+02 1.000000019811240204e+00 5.725979730228260678e+00 5.541743069270728128e+00
7 12 -3.289431861050258021e+02 3.334916708367196634e+02 9.999999679654104634e-01 6.704929535959779585e+00 6.512128612294019625e+00
7 13 -3.144082659519373806e+02 3.363585226770650820e+02 1.000000030333360934e+00 7.326701948975155254e+00 7.154958739477897289e+00
7 14 -3.067832332074020201e+02 3.343214283166958580e+02 9.999999583245994250e-01 9.914767421302334682e+00 9.668808349784908884e+00
7 15 -3.263487765494849100e+02 3.182494799614615317e+02 1.000000033594678150e+00 1.051542527225741352e+01 1.011225952839705577e+01
7 16 -3.065001082569846744e+02 3.162690920612738523e+02 9.999999587792306466e-01 1.218630159430800397e+01 1.179443575846319625e+01
7 17 -3.409727325374608427e+02 3.070777982952388356e+02 1.000000042731232774e+00 1.248455157175233410e+01 1.225923593684241730e+01
7 18 -3.265248911956826987e+02 2.976560644476856510e+02 1.000000006712226774e+00 1.438604565583739969e+01 1.409634578204432742e+01
7 19 -3.246220920005919197e+02 3.170141789342628726e+02 1.000000017098187755e+00 1.768135821765215354e+01 1.730283523083891595e+01
8 0 -2.781218854354294763e+02 3.130581621631534972e+02 1.000000026376711260e+00 1.727937326726277334e+01 1.633050579438603123e+01
8 1 -2.989870556842185465e+02 3.282942390045874390e+02 1.000000011281726220e+00 1.451888737909388993e+01 1.422010804803323936e+01
8 2 -3.252227019165034676e+02 3.312647389213400970e+02 1.000000002778105523e+00 1.360419345294550908e+01 1.311125441263725655e+01
8 3 -3.222722513343431956e+02 3.186204899848759737e+02 9.999999806486644660e-01 1.155338330705905214e+01 1.076855952466328858e+01
8 4 -3.308752687714404033e+02 3.098939354403017887e+02 9.999999586092254145e-01 9.737344163756530335e+00 9.442922424540233450e+00
8 5 -3.025915309069625891e+02 3.122686344473469831e+02 9.999999731033422101e-01 8.622812336790707022e+00 8.295734394834354930e+00
8 6 -3.160467182460341746e+02 3.209847020484259588e+02 1.000000003281538818e+00 7.681269844870777241e+00 7.438817927265467311e+00
8 7 -3.091321956181594146e+02 3.407803973038342633e+02 1.000000014789625302e+00 6.687026799432662649e+00 6.366788869303159792e+00
8 8 -3.224535090328172373e+02 3.576992497469182126e+02 9.999999655601061743e-01 5.996223618651920440e+00 5.752346372373409622e+00
8 9 -3.236749142639085903e+02 3.577905098508474566e+02 9.999999818741269753e-01 5.066916179599645353e+00 4.838403429963396007e+00
8 10 -3.175647376138539357e+02 3.669288102405228074e+02 9.999999962323272706e-01 5.447905381076554754e+00 5.312194429731022183e+00
8 11 -3.331954247610148627e+02 3.495720788412148181e+02 1.000000011940980649e+00 5.120616781014049046e+00 5.018967907586755928e+00
8 12 -3.249469577080620866e+02 3.480662442926539484e+02 9.999999885942478794e-01 6.384916158723832780e+00 6.270979580146540222e+00
8 13 -3.152619402238278212e+02 3.269706610978016101e+02 9.999999714847550569e-01 6.987462384979311381e+00 6.781034411915456417e+00
8 14 -3.411717490501884527e+02 3.163525851393820858e+02 9.999999875492111556e-01 7.878317304935773535e+00 7.650788681864255203e+00
8 15 -3.157920559412222588e+02 3.057386458066566206e+02 9.999999779266092181e-01 8.817798001890681192e+00 8.521788828265794535e+00
8 16 -2.784771781470620908e+02 3.480086390121365980e+02 9.999999947767768127e-01 1.276978521769921215e+01 1.213502096713752820e+01
8 17 -3.334095699010421185e+02 2.872572130694583166e+02 9.999999909997071557e-01 1.043653174359486435e+01 1.030040963707864066e+01
8 18 -2.846553120586560226e+02 3.439799686909210550e+02 1.000000011676245082e+00 1.548476029954022692e+01 1.469782088799087916e+01
8 19 -2.929376989612468378e+02 3.301218395189818011e+02 9.999999964321329982e-01 1.619520593782329598e+01 1.594282052716305920e+01
9 0 -3.100048926437166301e+02 3.224928128658786477e+02 9.999999900018500254e-01 1.817726029738485494e+01 1.770740625735470886e+01
9 1 -3.002472310376486462e+02 3.166518943560969319e+02 9.999999567138574408e-01 1.484719277946751959e+01 1.446034243966867372e+01
9 2 -3.269432809973753820e+02 3.165954603825102254e+02 1.000000021393664618e+00 1.334442722341275278e+01 1.288566695732536971e+01
9 3 -3.236733052195316986e+02 3.356895868577530564e+02 9.999999738791676140e-01 1.181583515207550938e+01 1.133445700282039681e+01
9 4 -2.782489842839813718e+02 3.151608748825394173e+02 1.000000037150330590e+00 8.985065343505690194e+00 8.578925299043094199e+00
9 5 -2.990008724941249625e+02 3.280715932067455469e+02 9.999999995851102108e-01 8.952674252465136817e+00 8.388684812610257779e+00
9 6 -3.060779626650596583e+02 3.331434195005860488e+02 9.999999565101234111e-01 6.281277470949022224e+00 6.177603561857868186e+00
9 7 -3.216754917345436411e+02 3.344051322794429666e+02 1.000000003354172717e+00 6.116352302468906821e+00 5.907470050458154986e+00
9 8 -3.167430129068451947e+02 3.559091863405238314e+02 9.999999930796968917e-01 5.209016812749977632e+00 5.073524519475037131e+00
9 9 -3.146555638816502665e+02 3.859822763798753726e+02 9.999999983628263811e-01 4.710332288058200589e+00 4.656786082111165292e+00
9 10 -3.215145134578358466e+02 3.819736336608326042e+02 1.000000030033290965e+00 5.073828330482927029e+00 5.029581381253844796e+00
9 11 -3.212547502196161986e+02 3.518021461223510187e+02 9.999999820019821462e-01 5.659582792185291922e+00 5.541294505911065649e+00
9 12 -3.089714204867169087e+02 3.331921694622421342e+02 1.000000001383497761e+00 5.975893394994854724e+00 5.820288689312891783e+00
9 13 -3.288624232279558441e+02 3.295090478570920141e+02 9.999999981590875775e-01 6.757022942436032409e+00 6.574157559440508614e+00
9 14 -3.145699418968332566e+02 3.319449891515470767e+02 1.000000005897048627e+00 9.656107377633446731e+00 9.318676207438736370e+00
9 15 -2.964024887220958249e+02 3.481615916312443346e+02 9.999999592118307135e-01 1.060661654880266092e+01 1.034741902290976689e+01
9 16 -3.198617563794505259e+02 3.629149107482788281e+02 1.000000023950430306e+00 1.311051538287832585e+01 1.305981441123856435e+01
9 17 -3.152263177611168885e+02 3.083635703715372074e+02 1.000000050783132366e+00 1.331468069116574959e+01 1.312510962010470905e+01
9 18 -2.958005419220805834e+02 3.006256733523191542e+02 9.999999727932490368e-01 1.375935938911779743e+01 1.335290233635816470e+01
9 19 -3.414837493462544558e+02 3.090905831772022907e+02 1.000000056714470009e+00 1.728991418060373420e+01 1.675380125484020155e+01
10 0 -3.256585586773462637e+02 3.088267765539903280e+02 1.000000030370259863e+00 1.528302428163254412e+01 1.489496509048706585e+01
10 1 -3.116434579807460068e+02 3.145004852649794316e+02 9.999999465844225943e-01 1.284550150642886734e+01 1.237648841415021650e+01
10 2 -3.200558996878434641e+02 3.380962084836023109e+02 9.999999673532687927e-01 1.387094666598598458e+01 1.353378796830796027e+01
10 3 -3.561839007022655323e+02 3.529026935083050489e+02 9.999999735584267357e-01 1.283681317702481905e+01 1.247505655565566052e+01
10 4 -2.993956832411859637e+02 3.363880571057774773e+02 9.999999462323889698e-01 9.871977306921246864e+00 9.559232809224061711e+00
10 5 -3.083713388539329117e+02 3.227230517218432055e+02 1.000000014582297370e+00 8.320367551491266056e+00 7.661020731710960874e+00
10 6 -2.953927363271171203e+02 3.202225923156665317e+02 9.999999609054742722e-01 6.765178705699096184e+00 6.595813523496942388e+00
10 7 -3.131961967004834833e+02 3.411270585090800296e+02 1.000000022454289095e+00 5.437096536441292649e+00 5.329614308564488034e+00
10 8 -3.145620353304837522e+02 3.574799960340114353e+02 1.000000004248546404e+00 5.360221283245070190e+00 5.284546643463220228e+00
10 9 -3.131347987420937784e+02 3.807816772335296491e+02 1.000000032922272464e+00 5.665307959377529734e+00 5.559847957512452865e+00
10 10 -3.145618696283146392e+02 3.707059052774053498e+02 9.999999983884519938e-01 5.058732169509622345e+00 4.995952012098819672e+00
10 11 -3.178065501248862574e+02 3.408412822733857297e+02 1.000000047791757884e+00 5.345244831129689622e+00 5.251815769680553636e+00
10 12 -3.202895498399860799e+02 3.437072996232280389e+02 9.999999625888295052e-01 6.565597151966788836e+00 6.194839850103547541e+00
10 13 -3.130837403241805532e+02 3.251308149402005938e+02 9.999999771212710886e-01 7.456354979715324127e+00 7.270977129306952058e+00
10 14 -3.175689052911632757e+02 3.257434399753838079e+02 1.000000047915938772e+00 8.643447665046750217e+00 8.451829000260202562e+00
10 15 -3.223265242498097223e+02 3.260613770805094873e+02 1.000000006600606950e+00 1.077720403719502151e+01 1.057777754792403613e+01
10 16 -2.999674242702893139e+02 3.179760468918690322e+02 1.000000007361510956e+00 1.348758374722926945e+01 1.305342464205868325e+01
10 17 -3.292843043818670594e+02 3.045462578657551376e+02 9.999999745468955981e-01 1.450982288569132805e+01 1.355433637148590797e+01
10 18 -2.818087251004848781e+02 3.437916906650738724e+02 9.999999540863340197e-01 1.699723981611468560e+01 1.647803276855871601e+01
10 19 -3.166129159109838156e+02 2.942265768260369327e+02 9.999999924841500576e-01 1.483235597766483060e+01 1.464977666968324144e+01
11 0 -3.181724892460549654e+02 2.895398041807280265e+02 9.999999686876525073e-01 1.261087551354441239e+01 1.245654110047584417e+01
11 1 -3.062560608883937903e+02 2.971335267650408127e+02 9.999999650213985403e-01 1.211807576941460773e+01 1.179378585531971169e+01
11 2 -3.316031816967499708e+02 3.321938005924147888e+02 9.999999502872480850e-01 1.300266992275401279e+01 1.212917046079029504e+01
11 3 -3.177301607701580792e+02 3.257321448425115022e+02 1.000000021650517823e+00 1.100357212508087734e+01 1.062350304991755934e+01
11 4 -3.169069575369591121e+02 3.265858437777481527e+02 9.999999824470225951e-01 1.028063398709562115e+01 9.933107948147842592e+00
11 5 -3.154251314288562753e+02 3.186799162176238269e+02 9.999999627863933593e-01 8.076657417832372232e+00 7.892282944380191623e+00
11 6 -3.114450338797370250e+02 3.281729814841499433e+02 9.999999665551526640e-01 7.616407287439059814e+00 7.270938211733533940e+00
11 7 -3.132987889514577660e+02 3.224175638669152022e+02 1.000000041819561591e+00 6.553224988445135679e+00 6.394538677535487992e+00
11 8 -3.112409569162711023e+02 3.507627249400097185e+02 1.000000032593255428e+00 6.353250002362280213e+00 6.220905049846511048e+00
11 9 -3.121358909783074864e+02 3.491813574261062740e+02 1.000000040443378868e+00 5.865810840687804451e+00 5.639344824581200122e+00
11 10 -3.156843871549638720e+02 3.445279424265173702e+02 9.999999675383514086e-01 6.211121614642538979e+00 5.874890988965388416e+00
11 11 -3.311947418050549459e+02 3.390531860850394992e+02 1.000000005641900946e+00 6.649718739152404190e+00 6.462396558623409781e+00
11 12 -3.231011201378935311e+02 3.139734288645582296e+02 1.000000047747344967e+00 7.701102254214504228e+00 7.373230793769350200e+00
11 13 -3.020668426306190213e+02 3.187161156220107614e+02 1.000000022070401062e+00 8.207242912710418281e+00 7.965654277852336485e+00
11 14 -3.341974101029698545e+02 3.392284064951934965e+02 1.000000035534035492e+00 1.023569904494857497e+01 9.873284584034252021e+00
11 15 -3.096987245830146094e+02 3.340071253028911542e+02 9.999999735991192962e-01 1.125746178456131297e+01 1.090387407533701847e+01
11 16 -3.289495761017835207e+02 3.344541656694518110e+02 9.999999837562250082e-01 1.264070789165333508e+01 1.208505988268424147e+01
11 17 -3.170961130673010757e+02 2.998422602723987325e+02 9.999999908308497831e-01 1.271392342268459430e+01 1.234063186521394684e+01
11 18 -2.740685961080283732e+02 3.222304456054882280e+02 9.999999630368195946e-01 1.506315344489600960e+01 1.446003922399634689e+01
11 19 -2.831769822756056101e+02 3.068703340779908331e+02 1.000000006704889977e+00 1.740205936968704137e+01 1.700090338867702044e+01
12 0 -2.961365821274002883e+02 3.129425866318260887e+02 1.000000020741084406e+00 1.545486801176731895e+01 1.463481963087595084e+01
12 1 -3.066282733093923412e+02 3.045673003349946271e+02 1.000000011259347454e+00 1.341640930980668500e+01 1.283098829459601653e+01
12 2 -3.108024895509502130e+02 3.284735648341565479e+02 9.999999460658716144e-01 1.210947530104486702e+01 1.203712396251309791e+01
12 3 -3.194785008260756740e+02 3.284772535551607575e+02 9.999999498995583158e-01 1.173620878150765989e+01 1.141500419612446215e+01
12 4 -3.294231207115398661e+02 3.248467872894843822e+02 9.999999305343338918e-01 1.035206246676601438e+01 9.581333521740164727e+00
12 5 -3.081162588933776760e+02 3.099062520160256895e+02 1.000000026874923620e+00 8.553847003125131465e+00 8.059445707266290171e+00
12 6 -3.104846589258028757e+02 3.093565124070004231e+02 9.999999777435244486e-01 8.256700652835894161e+00 8.249260319139853692e+00
12 7 -3.298409778671090180e+02 3.263559380721719663e+02 1.000000027741298592e+00 7.325318788872428932e+00 7.157073206651416442e+00
12 8 -3.079443117106623049e+02 3.053166504981369940e+02 1.000000022278465517e+00 7.375707921329846428e+00 7.199062908983369091e+00
12 9 -3.030369353249477058e+02 3.395245133075035824e+02 9.999999702002950741e-01 7.433340313849877035e+00 7.222247592884272649e+00
12 10 -3.050989703882406161e+02 3.435962702728303952e+02 1.000000034965438100e+00 7.938183572230027352e+00 7.841862574989878709e+00
12 11 -3.030638615575316521e+02 3.350835573873276871e+02 9.999999865681294953e-01 8.011706315348076757e+00 7.777113212867480918e+00
12 12 -3.058314683562022083e+02 3.482262957869511411e+02 1.000000036423845051e+00 8.529432014864182676e+00 7.998546929750058432e+00
12 13 -3.277510323102754910e+02 3.249464371159019151e+02 1.000000033006285927e+00 1.095704925874083280e+01 1.037785907274681207e+01
12 14 -3.014642589751625223e+02 3.096405602271132693e+02 1.000000019342201396e+00 1.036720297067469154e+01 1.007296968009233673e+01
12 15 -3.263273536178446079e+02 3.394318530321427829e+02 1.000000034966669338e+00 1.308259146255832484e+01 1.256618045345619983e+01
12 16 -3.078754845085917395e+02 3.092323111827149091e+02 1.000000055516298669e+00 1.334172181234264265e+01 1.293725907975070477e+01
12 17 -3.139981592478702623e+02 3.092304849505721336e+02 1.000000020229530495e+00 1.457527681424234700e+01 1.438154833124767862e+01
12 18 -3.323734958699225217e+02 2.962138602677828203e+02 9.999999532764137777e-01 1.390342691331525238e+01 1.324821099783291345e+01
12 19 -3.294658674509598768e+02 3.331850023018802176e+02 1.000000019740558299e+00 1.857455582571379082e+01 1.806089314605858576e+01
13 0 -3.334999726912030837e+02 2.858916504349420507e+02 1.000000013189362491e+00 1.379536551266957112e+01 1.356861541940846649e+01
13 1 -3.364311441795429687e+02 3.028950583654733464e+02 9.999999972806816739e-01 1.415280448643901146e+01 1.346563226660355816e+01
13 2 -3.168693439925619373e+02 3.295257121436047782e+02 9.999999798417730235e-01 1.438933308465640870e+01 1.344427185997714247e+01
13 3 -3.250669596020210292e+02 3.109254794624491751e+02 9.999999906227140523e-01 1.348462893806089369e+01 1.297460768288950916e+01
13 4 -3.279397031280279862e+02 3.238350788820077923e+02 1.000000008183816291e+00 1.199615852025395846e+01 1.154073216883292829e+01
13 5 -3.193530326366389431e+02 3.470895821352518738e+02 9.999999568775639336e-01 1.123472830693462754e+01 1.065776000632386555e+01
13 6 -2.891963387838580388e+02 3.318767243887992890e+02 9.999999495560790708e-01 9.487846605673141198e+00 9.213614519676866621e+00
13 7 -3.145096792779229418e+02 3.265503721675553948e+02 9.999999570748747679e-01 8.395483625134138705e+00 8.187285998805208465e+00
13 8 -3.242715987917567873e+02 3.215104176850126692e+02 1.000000016975112205e+00 8.554507372023364198e+00 8.195251540867616313e+00
13 9 -3.242866925537546763e+02 3.286455730151692478e+02 1.000000019640441495e+00 9.473417450424301833e+00 8.951283875625534847e+00
13 10 -3.142336583184624033e+02 3.411853451411042215e+02 1.000000024652738295e+00 8.978201155943551726e+00 8.625571211304071895e+00
13 11 -3.100244522810996273e+02 3.347332833401865742e+02 1.000000046152981215e+00 1.053384792193836539e+01 9.988677777061292673e+00
13 12 -3.138036963192128610e+02 3.006176714471599780e+02 9.999999902479319580e-01 8.963928655409898028e+00 8.698766837347351455e+00
13 13 -3.255090074978453458e+02 3.030891990718008060e+02 1.000000016492632815e+00 9.696291801470691141e+00 9.397141645443330304e+00
13 14 -3.020500798568956498e+02 3.414414102729587626e+02 1.000000041702271858e+00 1.340043392844290970e+01 1.268456680424463556e+01
13 15 -3.379328329037759886e+02 3.360025230468870632e+02 1.000000020105144660e+00 1.506840502370349277e+01 1.456764613665998276e+01
13 16 -3.082715885003202061e+02 3.140399990225365627e+02 1.000000031898912844e+00 1.569844593083886863e+01 1.521206577916868241e+01
13 17 -2.868216939279715234e+02 2.626102960120452394e+02 1.000000000374517084e+00 1.542831290210222406e+01 1.521101142068061662e+01
13 18 -3.173960193051529473e+02 2.882819749194225665e+02 9.999999721558834320e-01 1.533214282212629165e+01 1.501188750205295008e+01
13 19 -3.230369036524105013e+02 3.249593238930580128e+02 1.000000019446794841e+00 1.974071525144473682e+01 1.929541619814825637e+01
14 0 -3.197593287881781521e+02 2.857489520330702817e+02 9.999999441884679374e-01 1.654584794515887936e+01 1.570677468207736283e+01
14 1 -3.019625849741431125e+02 3.055464842717223632e+02 1.000000022769255814e+00 1.422742397082213905e+01 1.376063792687435416e+01
14 2 -3.130287016163923113e+02 2.884483403684375276e+02 9.999999584663515906e-01 1.426116200878228568e+01 1.410495979010819845e+01
14 3 -3.080007459210187903e+02 2.945023709923339084e+02 1.000000016165470740e+00 1.140379123928574145e+01 1.090298857268050270e+01
14 4 -3.165892438254862782e+02 3.148102379583285710e+02 9.999999818849459876e-01 1.193077659778899502e+01 1.153026003175575021e+01
14 5 -3.122595538541949054e+02 3.059471888307883205e+02 1.000000060280023195e+00 1.087436041143205756e+01 1.061743868145903846e+01
14 6 -2.991504939615750800e+02 3.477298411861539762e+02 1.000000031782154686e+00 1.189192495515936443e+01 1.107248837197773028e+01
14 7 -2.942484331641024937e+02 3.171438058408268716e+02 1.000000020941372636e+00 1.030094950031945444e+01 9.952360198575618710e+00
14 8 -3.135255894411055237e+02 3.195459026415358608e+02 1.000000063247440840e+00 1.013649584724504216e+01 9.575256683364466781e+00
14 9 -2.927432161377524835e+02 3.297135426782629111e+02 9.999999671967669812e-01 9.505469757540263132e+00 9.024602896866326773e+00
14 10 -3.094518794796771886e+02 3.312822403336987236e+02 1.000000018533532486e+00 1.050258771710039696e+01 1.016048090480730082e+01
14 11 -2.915840277848033679e+02 3.266460356349417680e+02 1.000000017244371264e+00 1.209690154573507392e+01 1.127543709491275514e+01
14 12 -3.471754270713857409e+02 3.183733512774337555e+02 1.000000036086212463e+00 1.203840216806812080e+01 1.158745681623741852e+01
14 13 -3.137419355757805306e+02 3.191128377738818358e+02 1.000000015301243828e+00 1.294252928826501936e+01 1.226232531503053202e+01
14 14 -3.365868657041958727e+02 3.398359015935522507e+02 1.000000026075373638e+00 1.562153101693578883e+01 1.494919265019772681e+01
14 15 -2.905586206443437050e+02 3.187468299564466747e+02 1.000000002129969090e+00 1.729632778694771034e+01 1.627069690179464700e+01
14 16 -2.978590609304734471e+02 3.061733641400651891e+02 1.000000028888036629e+00 1.755270270703097424e+01 1.625813840315076320e+01
14 17 -3.419526828888422187e+02 3.228413052208478007e+02 9.999999741991221214e-01 1.825267861259561997e+01 1.704935259940442194e+01
14 18 -3.262871258172559692e+02 2.819842683145452611e+02 1.000000019089230641e+00 1.801399498334167149e+01 1.749387429402349525e+01
14 19 -3.102213759771335049e+02 3.055857017212678670e+02 1.000000020576380377e+00 1.940893218878987625e+01 1.886415962042991268e+01
15 0 -3.278314490408783968e+02 2.920273374234896551e+02 9.999999756408330942e-01 2.017373899924384162e+01 1.946547382915110092e+01
15 1 -3.004641536248493026e+02 3.147830415244839060e+02 9.999999887249155783e-01 1.807946172516876615e+01 1.696897150644368679e+01
15 2 -2.844502473243135796e+02 2.942117191958992635e+02 1.000000008783602512e+00 1.569092098098859722e+01 1.519007885276338321e+01
15 3 -2.862682650297120404e+02 3.085748982001877039e+02 1.000000009902468179e+00 1.602114166650197902e+01 1.558150447169362351e+01
15 4 -3.019977419297390497e+02 3.123673755194246837e+02 1.000000017078107151e+00 1.396576845813820711e+01 1.305911447455823726e+01
15 5 -3.153147957805585975e+02 3.212460837990889218e+02 9.999999889472427350e-01 1.189903589379885496e+01 1.170275812987789443e+01
15 6 -3.015305473858093137e+02 3.052087069120157707e+02 1.000000051266286327e+00 1.174605666529997450e+01 1.107592582109373325e+01
15 7 -2.959881133831822808e+02 3.177690884954902231e+02 9.999999933404680741e-01 1.180281879262385303e+01 1.127953670109946671e+01
15 8 -3.223489243070375210e+02 3.265511034327209359e+02 9.999999427566631516e-01 1.182632995574369517e+01 1.143900246869652548e+01
15 9 -2.923264404942603392e+02 3.161831102191951004e+02 9.999999838269563179e-01 1.127776056022448614e+01 1.088954110483226678e+01
15 10 -3.235416219025251507e+02 3.108898996033140065e+02 9.999999934545747982e-01 1.272995498200288544e+01 1.207044458384704733e+01
15 11 -2.967895059451874999e+02 3.015863642451649866e+02 9.999999558021005486e-01 1.409154169188464145e+01 1.363458278061233386e+01
15 12 -3.051618108707620536e+02 3.022844236787004206e+02 1.000000056221089340e+00 1.249499269684553227e+01 1.228812168162158436e+01
15 13 -3.169471721420474069e+02 2.903475085259999560e+02 1.000000022655685328e+00 1.527654089240554569e+01 1.509506645366192856e+01
15 14 -2.995724560129606289e+02 3.114040548317815364e+02 1.000000009000778789e+00 1.707210658276300919e+01 1.649085579136064794e+01
15 15 -3.306618854182332825e+02 2.843773818230665142e+02 9.999999640984909011e-01 1.579424083839646364e+01 1.552219954803172719e+01
15 16 -3.085704896032977445e+02 3.232154208700352456e+02 9.999999962750174554e-01 2.085721127632796268e+01 1.922192484924643452e+01
15 17 -3.531610973932218940e+02 3.031281459899209381e+02 9.999999752490525973e-01 1.630211473085668317e+01 1.629479742308456736e+01
15 18 -2.817932387839594526e+02 3.166667481616891564e+02 1.000000012762109591e+00 1.987075193188753630e+01 1.950653409454278275e+01
15 19 -3.042629707742803475e+02 2.700679863699106704e+02 1.000000030577898880e+00 1.782196952922405586e+01 1.784071715481695719e+01
16 0 -3.022167753870358524e+02 2.762035940860658911e+02 1.000000049735607632e+00 1.707588644916189935e+01 1.722237175403506981e+01
16 1 -3.260563840058898109e+02 2.720065261935057492e+02 1.000000000338195250e+00 1.631002844410298991e+01 1.618021956327297062e+01
16 2 -2.769403663740181400e+02 3.273130059397266223e+02 1.000000004859318947e+00 1.892510701564068754e+01 1.765049144857202990e+01
16 3 -2.853208804789329065e+02 3.322553264901075067e+02 1.000000026869353631e+00 1.789567186265670529e+01 1.696655139596514417e+01
16 4 -3.362446320222059626e+02 3.095357028632897709e+02 1.000000001455844334e+00 1.398180302972229505e+01 1.330438500349081998e+01
16 5 -3.238589296172080481e+02 3.213466697997643564e+02 1.000000017808632791e+00 1.478244790879426951e+01 1.433282164681625304e+01
16 6 -2.920786686888885697e+02 3.072942995981696868e+02 9.999999539731918574e-01 1.495460102289662530e+01 1.465917799962645596e+01
16 7 -3.016512431254054718e+02 3.295042201749751030e+02 1.000000040718548533e+00 1.437556738341304197e+01 1.420084985607590866e+01
16 8 -3.068522707169962018e+02 3.204540014292634851e+02 9.999999641452851362e-01 1.477665317236202647e+01 1.409862264701522783e+01
16 9 -2.856913137725778142e+02 2.806911366838073150e+02 1.000000028591571777e+00 1.198976337914339574e+01 1.162059567969704155e+01
16 10 -2.890100905543988006e+02 3.285930583808466281e+02 9.999999608478979951e-01 1.452154765775584622e+01 1.385213864197955047e+01
16 11 -3.128859465677740559e+02 3.040473725412997510e+02 9.999999854543799582e-01 1.468982354508942478e+01 1.444860856548499584e+01
16 12 -3.028179367865721474e+02 3.271934798192283438e+02 9.999999887018523603e-01 1.700802176653902009e+01 1.618092292283209233e+01
16 13 -3.205524609098826545e+02 2.985160364032723805e+02 1.000000031448879501e+00 1.510613289938929960e+01 1.468983816058845804e+01
16 14 -3.345077670208598875e+02 3.438327586847834141e+02 9.999999939688360984e-01 2.295772617705402396e+01 2.129287440437970247e+01
16 15 -3.094609836352913135e+02 2.623641980758515615e+02 1.000000026527072317e+00 1.735780576904481620e+01 1.830334241742255941e+01
16 16 -3.268525792577899551e+02 3.226954185123339016e+02 9.999999852591170413e-01 2.008121924474121656e+01 1.909269790784817999e+01
16 17 -3.360025592335362035e+02 2.549367010219317820e+02 9.999999965903709764e-01 1.783949634436502407e+01 1.811971965249241023e+01
16 18 -2.989172456236248649e+02 2.786549008513827630e+02 1.000000020570878556e+00 2.169363538523477786e+01 2.129402861658106971e+01
16 19 -3.941797496893847210e+02 3.470278890249790607e+02 1.000000035692924172e+00 2.704738951248208423e+01 2.646306799361584439e+01
17 0 -3.121951407390226336e+02 2.776271828889325661e+02 1.000000018023821324e+00 2.050308961597814417e+01 2.091299600598822650e+01
17 1 -3.134210886475787561e+02 3.193067919529123060e+02 1.000000016985795437e+00 2.356029233221456565e+01 2.208056401542024361e+01
17 2 -3.274192354043004798e+02 2.895473292964632037e+02 9.999999797469042440e-01 1.729404017974678354e+01 1.715743937873362057e+01
17 3 -3.408778897938940986e+02 2.744213356882164021e+02 9.999999726525201638e-01 1.847091889763491679e+01 1.855781186472060895e+01
17 4 -3.334136499035415113e+02 2.974244658940701811e+02 9.999999513115914729e-01 1.682794105874276980e+01 1.663522643796369138e+01
17 5 -3.367964597591280835e+02 2.801344981365344893e+02 9.999999658729830099e-01 1.534866243162393751e+01 1.497323598676363332e+01
17 6 -3.158690110413058960e+02 3.187764297025953510e+02 1.000000000046442850e+00 1.738629807318006826e+01 1.690432057287009471e+01
17 7 -3.567091406448108728e+02 2.978508354604291526e+02 1.000000014786585067e+00 1.705909364382157278e+01 1.682256589570710048e+01
17 8 -3.360011279219609150e+02 3.137034940980017268e+02 1.000000002336311589e+00 1.627599056487405704e+01 1.611087894332794335e+01
17 9 -3.420971562644055552e+02 3.113452491987206940e+02 9.999999778660529914e-01 1.603714224816404865e+01 1.558745600844954637e+01
17 10 -3.188029226808064323e+02 2.702751721642355278e+02 1.000000052779633108e+00 1.388559648353174580e+01 1.413263662102420604e+01
17 11 -2.726582832190446766e+02 3.028175028693823378e+02 1.000000040339358742e+00 1.580042319874909751e+01 1.529845734734316665e+01
17 12 -3.508472173650604873e+02 3.553150725789723765e+02 9.999999960059211546e-01 2.225346609904412887e+01 2.146759279742317972e+01
17 13 -3.235957670416046881e+02 2.855229280138302670e+02 9.999999656899744016e-01 1.671085920881198561e+01 1.731403367235515844e+01
17 14 -3.185701510573745736e+02 3.221807892643492437e+02 9.999999712449135769e-01 2.236317648576679318e+01 2.141758996010796778e+01
17 15 -3.435403152861469493e+02 2.721986762269783071e+02 1.000000019144752894e+00 1.726988729590559402e+01 1.737625087867492724e+01
17 16 -3.337090510486483481e+02 2.930755076843830125e+02 9.999999981565221852e-01 2.138037490617736580e+01 2.077031203214844624e+01
17 17 -3.304343479975772198e+02 2.747663260594665644e+02 9.999999881941437074e-01 2.114648228329579993e+01 2.125153996897728348e+01
17 18 -2.753359585701029459e+02 3.339097846692734493e+02 9.999999760805463600e-01 2.449424612411404212e+01 2.392900029829441877e+01
17 19 -3.210549092221982619e+02 2.846815666610187350e+02 9.999999656051425934e-01 2.296843577019303240e+01 2.265265706864829554e+01
18 0 -3.035254865696931006e+02 2.922377904162199798e+02 9.999999588077709278e-01 2.100437894793200044e+01 2.062278805434983298e+01
18 1 -3.210889158714342102e+02 2.886483484993856905e+02 1.000000010823600238e+00 2.161713600670495339e+01 2.127274125761937285e+01
18 2 -2.887951070320868325e+02 2.691747911602235490e+02 1.000000014486525757e+00 1.721716614093065090e+01 1.676129655652273343e+01
18 3 -3.253330973115508868e+02 2.986320067626917876e+02 1.000000015387894958e+00 1.762399063025560508e+01 1.706975887425882732e+01
18 4 -3.337471600230225590e+02 2.726552988743528090e+02 1.000000019186104261e+00 1.505051920834844736e+01 1.519262139724526151e+01
18 5 -3.458100459244571994e+02 3.040428708250397563e+02 9.999999793099876300e-01 2.055719438612235450e+01 1.922549828587318288e+01
18 6 -3.357272086286969284e+02 3.030792229325116978e+02 1.000000006745886738e+00 1.696924385215961095e+01 1.658015733797751423e+01
18 7 -3.406164372983377575e+02 2.897969450606489659e+02 1.000000044469140592e+00 1.874771224694177718e+01 1.774411475928688731e+01
18 8 -3.367084711402791868e+02 2.477155022019647106e+02 1.000000007171159888e+00 1.524130305848697553e+01 1.561285702144036946e+01
18 9 -3.100284949657090010e+02 3.199694362674918011e+02 9.999999962594927627e-01 1.789223282231347767e+01 1.732500780947482255e+01
18 10 -3.115328078144559640e+02 3.044552187702983019e+02 9.999999902214550263e-01 1.839980305383569004e+01 1.792501217416747039e+01
18 11 -2.931758136430858599e+02 2.938997026259084464e+02 1.000000029466723062e+00 1.795599676033844005e+01 1.777174286040820661e+01
18 12 -3.055029166678049251e+02 3.302149867097808169e+02 1.000000032625465884e+00 2.047142164909475426e+01 1.955022415435552574e+01
18 13 -3.434290128533330630e+02 3.097329114038622606e+02 1.000000018464158424e+00 2.255917303590667800e+01 2.148940690286754318e+01
18 14 -3.317940561684672502e+02 2.756869030690914997e+02 9.999999707295578188e-01 2.068678340391810977e+01 2.002059423818311146e+01
18 15 -3.747912062029849380e+02 3.111142414286455278e+02 9.999999965946174685e-01 2.299267601656536897e+01 2.220460031946053192e+01
18 16 -3.262441881091032769e+02 2.562636126312187344e+02 1.000000005205918141e+00 2.130259738007413617e+01 2.097643178644665340e+01
18 17 -2.756748330254824282e+02 2.844430041601182779e+02 1.000000050291673492e+00 2.339829165477307882e+01 2.224951168749087671e+01
18 18 -2.622800146252316154e+02 3.310398376576759460e+02 1.000000011389310384e+00 3.020089410184551326e+01 2.997504972757461061e+01
18 19 -2.958891221060797534e+02 2.392396097651635785e+02 9.999999864549615758e-01 2.130972307365719942e+01 2.229474365255035906e+01
19 0 -2.836134225453281488e+02 2.447062603175111803e+02 1.000000009050493244e+00 2.174590612041082593e+01 2.300065102132368011e+01
19 1 -3.650794885886644465e+02 2.707086077240032296e+02 9.999999800153133167e-01 2.125460320976994311e+01 2.090657090530910978e+01
19 2 -2.990835869931928528e+02 3.672013384417387556e+02 1.000000005312855267e+00 2.403518399705966502e+01 2.280866124027560460e+01
19 3 -3.480394620577453111e+02 2.655981753760576112e+02 9.999999839944436753e-01 1.939466732016918016e+01 1.923000405539156432e+01
19 4 -3.443392459026588881e+02 2.924889972256329997e+02 9.999999849621774572e-01 2.045809501208894687e+01 2.004243194394775074e+01
19 5 -3.731946305533875829e+02 3.141224242187368532e+02 1.000000035193942871e+00 2.181822228890981208e+01 2.134279416736763935e+01
19 6 -3.340192810158200700e+02 2.642012526128826266e+02 9.999999947091346986e-01 1.774267829444949740e+01 1.781043161208364367e+01
19 7 -3.421062025867987586e+02 2.817896332681051490e+02 1.000000013957008438e+00 1.790547573923640812e+01 1.765983436749819191e+01
19 8 -2.650031797027205585e+02 3.089868899287900490e+02 9.999999967381691945e-01 2.291638703459788218e+01 2.206391867152046871e+01
19 9 -3.018370275761860171e+02 2.580720157567722595e+02 1.000000009582171279e+00 1.783742749662405913e+01 1.801833445293810954e+01
19 10 -2.749544113810297290e+02 3.013491693955085680e+02 9.999999842587631305e-01 2.131586146703302731e+01 2.067029018598378798e+01
19 11 -3.367375583544009601e+02 2.886395260893862087e+02 9.999999670405903540e-01 1.898197636590157344e+01 1.867601168321376903e+01
19 12 -2.968528671466848436e+02 2.675251597587718493e+02 1.000000046157213385e+00 1.799220806087171809e+01 1.766962313331799805e+01
19 13 -2.984937386382397335e+02 2.744637443425118022e+02 9.999999598925835009e-01 2.063746222025375232e+01 2.031721749709013025e+01
19 14 -2.659768590977281519e+02 3.561159269414435471e+02 9.999999824826083517e-01 2.716382413411747976e+01 2.680511146079598106e+01
19 15 -3.020605766698532761e+02 2.423231392454462707e+02 9.999999939663720694e-01 1.921494425969066100e+01 1.973741652996089257e+01
19 16 -2.688876701020066093e+02 2.982363956854431422e+02 9.999999876581793234e-01 2.959034330065733442e+01 2.830986390253417184e+01
19 17 -3.321314544016987043e+02 2.689628043325920430e+02 1.000000035934489606e+00 2.280084306442087438e+01 2.244567903321422975e+01
19 18 -2.769397802454292901e+02 3.035878926025327473e+02 1.000000015746103754e+00 2.800660055417189298e+01 2.711773018588521111e+01
19 19 -2.921425917203897598e+02 2.736627699153934827e+02 9.999999995054228430e-01 3.023606286708393398e+01 3.018898612818119886e+01
