# Bin_id signal noise snr
0       1.761080e+02       6.488410e+00 2.714193534851074219e+01 
1       4.618198e+02       1.105138e+01 4.178843688964843750e+01 
2       5.806127e+02       1.440504e+01 4.030620956420898438e+01 
3       4.861090e+02       1.563450e+01 3.109206962585449219e+01 
4       4.864277e+02       1.845055e+01 2.636385726928710938e+01 
5       3.397084e+02       1.849852e+01 1.836408233642578125e+01 
6       3.010198e+02       1.960464e+01 1.535451889038085938e+01 
7       2.186736e+02       1.962346e+01 1.114347648620605469e+01 
8       1.000635e+02       1.414823e+01 7.072508811950683594e+00 
9       2.247839e+00       2.137481e+00 1.051629900932312012e+00 
