# Bin_Id 	 Vel [km/s] 	 Vel Std 	 Sigma [km/s] 	 Sigma Std
0.000000000000000000e+00 1.405245287032713577e+02 9.437146181017862290e+00 2.455659951815812008e+02 1.025145997094560357e+01
1.000000000000000000e+00 1.456338648575266745e+02 6.899230765846292357e+00 2.315747911986665031e+02 6.224633195777482975e+00
2.000000000000000000e+00 1.525416332803199566e+02 6.760997153732206222e+00 2.441944530052163884e+02 7.398271542725368910e+00
3.000000000000000000e+00 1.476049429644736506e+02 6.248188395519136407e+00 2.495175670689132801e+02 7.910200499024977461e+00
4.000000000000000000e+00 1.552835756019426015e+02 6.830283221975499863e+00 2.087739767314972141e+02 6.548772219859231747e+00
5.000000000000000000e+00 1.494696321486190129e+02 5.456353470872282507e+00 2.326963488015855148e+02 6.259110059023966777e+00
6.000000000000000000e+00 1.421676328651807637e+02 9.293559194108572896e+00 2.282328917598962903e+02 8.701289390703827564e+00
7.000000000000000000e+00 1.509157802701762989e+02 5.954253023671397749e+00 2.335774968104668687e+02 6.275956535778033363e+00
8.000000000000000000e+00 1.523169607770318805e+02 6.272032847727679439e+00 2.380149668866385468e+02 6.590905181771316457e+00
9.000000000000000000e+00 1.477498839633640273e+02 8.833140671922699028e+00 2.491217788452023001e+02 9.376117689853034065e+00
1.000000000000000000e+01 1.595023901982781922e+02 1.233055340039124204e+01 2.425273551572616384e+02 1.135699992367702826e+01
1.100000000000000000e+01 1.309266805184758766e+02 9.347132519493612790e+00 2.256124713049516117e+02 9.492261931266698483e+00
1.200000000000000000e+01 1.569033595668991836e+02 7.950121262771721042e+00 2.408798409477909672e+02 1.002562947970724672e+01
1.300000000000000000e+01 1.561984358548841101e+02 9.732992547700835217e+00 2.450887953778124313e+02 9.768203697915753381e+00
1.400000000000000000e+01 1.365852214915593379e+02 6.026443621604285816e+00 2.438216965513997536e+02 6.080376628663720417e+00
1.500000000000000000e+01 1.581814753117853343e+02 5.904861561459336272e+00 2.167547272181897426e+02 6.449608251620789545e+00
1.600000000000000000e+01 1.864015967857330907e+02 5.787501130831421925e+00 2.477736191834866020e+02 6.703689904028602875e+00
