# y_px x_px signal noise
1.600000000000000000e+01 3.000000000000000000e+01 2.205503702163696289e+00 2.199547529220581055e+00
1.600000000000000000e+01 3.100000000000000000e+01 2.498771667480468750e+00 2.143467903137207031e+00
1.700000000000000000e+01 2.800000000000000000e+01 2.479942798614501953e+00 2.230376482009887695e+00
1.700000000000000000e+01 2.900000000000000000e+01 2.401349067687988281e+00 2.145890235900878906e+00
1.700000000000000000e+01 3.000000000000000000e+01 2.471169233322143555e+00 2.154066562652587891e+00
1.700000000000000000e+01 3.100000000000000000e+01 2.467764854431152344e+00 2.080666542053222656e+00
1.700000000000000000e+01 3.200000000000000000e+01 2.671750545501708984e+00 2.195698976516723633e+00
1.800000000000000000e+01 2.600000000000000000e+01 2.257283210754394531e+00 2.200031280517578125e+00
1.800000000000000000e+01 2.700000000000000000e+01 2.883803129196166992e+00 2.155050992965698242e+00
1.800000000000000000e+01 2.800000000000000000e+01 2.501679658889770508e+00 2.167069911956787109e+00
1.800000000000000000e+01 2.900000000000000000e+01 2.706624984741210938e+00 2.141121625900268555e+00
1.800000000000000000e+01 3.000000000000000000e+01 2.894949197769165039e+00 2.204878330230712891e+00
1.800000000000000000e+01 3.100000000000000000e+01 2.835746526718139648e+00 2.137043237686157227e+00
1.800000000000000000e+01 3.200000000000000000e+01 2.756833076477050781e+00 2.258750200271606445e+00
1.800000000000000000e+01 3.300000000000000000e+01 2.739895105361938477e+00 2.353149175643920898e+00
1.800000000000000000e+01 3.400000000000000000e+01 2.544691324234008789e+00 2.291817903518676758e+00
1.900000000000000000e+01 2.500000000000000000e+01 2.234685182571411133e+00 2.196328163146972656e+00
1.900000000000000000e+01 2.600000000000000000e+01 2.803116798400878906e+00 2.124287366867065430e+00
1.900000000000000000e+01 2.700000000000000000e+01 2.833443880081176758e+00 2.060752153396606445e+00
1.900000000000000000e+01 2.800000000000000000e+01 3.456796884536743164e+00 2.124213218688964844e+00
1.900000000000000000e+01 2.900000000000000000e+01 3.231241226196289062e+00 2.055406332015991211e+00
1.900000000000000000e+01 3.000000000000000000e+01 3.637012004852294922e+00 2.112557411193847656e+00
1.900000000000000000e+01 3.100000000000000000e+01 3.431703329086303711e+00 2.052217483520507812e+00
1.900000000000000000e+01 3.200000000000000000e+01 3.259624242782592773e+00 2.206414937973022461e+00
1.900000000000000000e+01 3.300000000000000000e+01 3.260311126708984375e+00 2.281499624252319336e+00
1.900000000000000000e+01 3.400000000000000000e+01 2.761257410049438477e+00 2.225138664245605469e+00
1.900000000000000000e+01 3.500000000000000000e+01 2.632939577102661133e+00 2.426546096801757812e+00
1.900000000000000000e+01 3.700000000000000000e+01 2.141939878463745117e+00 2.135276794433593750e+00
2.000000000000000000e+01 2.300000000000000000e+01 2.399171590805053711e+00 2.207698106765747070e+00
2.000000000000000000e+01 2.400000000000000000e+01 2.499018430709838867e+00 2.195647716522216797e+00
2.000000000000000000e+01 2.500000000000000000e+01 3.271485090255737305e+00 2.248395442962646484e+00
2.000000000000000000e+01 2.600000000000000000e+01 3.276515007019042969e+00 2.136187076568603516e+00
2.000000000000000000e+01 2.700000000000000000e+01 3.717181921005249023e+00 2.086654663085937500e+00
2.000000000000000000e+01 2.800000000000000000e+01 4.140603065490722656e+00 2.156330585479736328e+00
2.000000000000000000e+01 2.900000000000000000e+01 4.243074417114257812e+00 2.101002216339111328e+00
2.000000000000000000e+01 3.000000000000000000e+01 4.655220985412597656e+00 2.107997894287109375e+00
2.000000000000000000e+01 3.100000000000000000e+01 3.949272394180297852e+00 2.041057586669921875e+00
2.000000000000000000e+01 3.200000000000000000e+01 3.946342945098876953e+00 2.209408283233642578e+00
2.000000000000000000e+01 3.300000000000000000e+01 3.962818145751953125e+00 2.286707639694213867e+00
2.000000000000000000e+01 3.400000000000000000e+01 3.287104845046997070e+00 2.244856834411621094e+00
2.000000000000000000e+01 3.500000000000000000e+01 2.928674697875976562e+00 2.276980161666870117e+00
2.000000000000000000e+01 3.600000000000000000e+01 2.320216178894042969e+00 2.201567173004150391e+00
2.000000000000000000e+01 3.700000000000000000e+01 2.146322250366210938e+00 2.026233434677124023e+00
2.100000000000000000e+01 2.300000000000000000e+01 2.348231077194213867e+00 2.219869852066040039e+00
2.100000000000000000e+01 2.400000000000000000e+01 3.272202730178833008e+00 2.229880571365356445e+00
2.100000000000000000e+01 2.500000000000000000e+01 3.765273571014404297e+00 2.275598287582397461e+00
2.100000000000000000e+01 2.600000000000000000e+01 4.144521236419677734e+00 2.167623758316040039e+00
2.100000000000000000e+01 2.700000000000000000e+01 4.887248992919921875e+00 2.130170583724975586e+00
2.100000000000000000e+01 2.800000000000000000e+01 5.422802925109863281e+00 2.169840335845947266e+00
2.100000000000000000e+01 2.900000000000000000e+01 5.387182235717773438e+00 2.099180459976196289e+00
2.100000000000000000e+01 3.000000000000000000e+01 5.516000747680664062e+00 2.157936811447143555e+00
2.100000000000000000e+01 3.100000000000000000e+01 5.175580501556396484e+00 2.075468063354492188e+00
2.100000000000000000e+01 3.200000000000000000e+01 4.516624927520751953e+00 2.230210065841674805e+00
2.100000000000000000e+01 3.300000000000000000e+01 4.355919837951660156e+00 2.280206441879272461e+00
2.100000000000000000e+01 3.400000000000000000e+01 4.092742919921875000e+00 2.279801130294799805e+00
2.100000000000000000e+01 3.500000000000000000e+01 3.361882209777832031e+00 2.312177896499633789e+00
2.100000000000000000e+01 3.600000000000000000e+01 2.503179788589477539e+00 2.239888429641723633e+00
2.100000000000000000e+01 3.700000000000000000e+01 2.810702323913574219e+00 2.055888652801513672e+00
2.200000000000000000e+01 2.200000000000000000e+01 2.463323354721069336e+00 2.302208900451660156e+00
2.200000000000000000e+01 2.300000000000000000e+01 3.227709054946899414e+00 2.319058418273925781e+00
2.200000000000000000e+01 2.400000000000000000e+01 3.828746795654296875e+00 2.328016996383666992e+00
2.200000000000000000e+01 2.500000000000000000e+01 4.892764568328857422e+00 2.416117906570434570e+00
2.200000000000000000e+01 2.600000000000000000e+01 5.405791282653808594e+00 2.300451517105102539e+00
2.200000000000000000e+01 2.700000000000000000e+01 5.859853744506835938e+00 2.302877187728881836e+00
2.200000000000000000e+01 2.800000000000000000e+01 6.973386764526367188e+00 2.364894151687622070e+00
2.200000000000000000e+01 2.900000000000000000e+01 6.605710029602050781e+00 2.280845403671264648e+00
2.200000000000000000e+01 3.000000000000000000e+01 7.462702274322509766e+00 2.274263143539428711e+00
2.200000000000000000e+01 3.100000000000000000e+01 6.689352989196777344e+00 2.240558624267578125e+00
2.200000000000000000e+01 3.200000000000000000e+01 6.100410461425781250e+00 2.401158094406127930e+00
2.200000000000000000e+01 3.300000000000000000e+01 5.550225257873535156e+00 2.424154758453369141e+00
2.200000000000000000e+01 3.400000000000000000e+01 4.638052940368652344e+00 2.406572580337524414e+00
2.200000000000000000e+01 3.500000000000000000e+01 4.208288669586181641e+00 2.537114143371582031e+00
2.200000000000000000e+01 3.600000000000000000e+01 3.344204902648925781e+00 2.375421524047851562e+00
2.200000000000000000e+01 3.700000000000000000e+01 3.068295001983642578e+00 2.158703565597534180e+00
2.200000000000000000e+01 3.800000000000000000e+01 2.418378353118896484e+00 2.178538799285888672e+00
2.300000000000000000e+01 2.100000000000000000e+01 2.850689172744750977e+00 2.256762981414794922e+00
2.300000000000000000e+01 2.200000000000000000e+01 2.678335666656494141e+00 2.254573106765747070e+00
2.300000000000000000e+01 2.300000000000000000e+01 3.946856975555419922e+00 2.276696443557739258e+00
2.300000000000000000e+01 2.400000000000000000e+01 4.832584857940673828e+00 2.299128055572509766e+00
2.300000000000000000e+01 2.500000000000000000e+01 5.595329284667968750e+00 2.371544837951660156e+00
2.300000000000000000e+01 2.600000000000000000e+01 6.923589229583740234e+00 2.267219543457031250e+00
2.300000000000000000e+01 2.700000000000000000e+01 7.573989868164062500e+00 2.268992900848388672e+00
2.300000000000000000e+01 2.800000000000000000e+01 8.919572830200195312e+00 2.333161354064941406e+00
2.300000000000000000e+01 2.900000000000000000e+01 8.763198852539062500e+00 2.252327919006347656e+00
2.300000000000000000e+01 3.000000000000000000e+01 9.121342658996582031e+00 2.213010072708129883e+00
2.300000000000000000e+01 3.100000000000000000e+01 8.573536872863769531e+00 2.204296588897705078e+00
2.300000000000000000e+01 3.200000000000000000e+01 7.653912067413330078e+00 2.354029655456542969e+00
2.300000000000000000e+01 3.300000000000000000e+01 6.767693519592285156e+00 2.353399515151977539e+00
2.300000000000000000e+01 3.400000000000000000e+01 5.992438316345214844e+00 2.349038600921630859e+00
2.300000000000000000e+01 3.500000000000000000e+01 4.653251647949218750e+00 2.496654987335205078e+00
2.300000000000000000e+01 3.600000000000000000e+01 3.856620073318481445e+00 2.404276371002197266e+00
2.300000000000000000e+01 3.700000000000000000e+01 3.177237987518310547e+00 2.170596122741699219e+00
2.300000000000000000e+01 3.800000000000000000e+01 2.525704622268676758e+00 2.201181650161743164e+00
2.400000000000000000e+01 2.000000000000000000e+01 2.619977474212646484e+00 2.399705410003662109e+00
2.400000000000000000e+01 2.100000000000000000e+01 2.917808294296264648e+00 2.205924987792968750e+00
2.400000000000000000e+01 2.200000000000000000e+01 3.765595674514770508e+00 2.250780105590820312e+00
2.400000000000000000e+01 2.300000000000000000e+01 4.422738552093505859e+00 2.240613222122192383e+00
2.400000000000000000e+01 2.400000000000000000e+01 5.839283466339111328e+00 2.296660184860229492e+00
2.400000000000000000e+01 2.500000000000000000e+01 7.123863220214843750e+00 2.391783952713012695e+00
2.400000000000000000e+01 2.600000000000000000e+01 8.632206916809082031e+00 2.292697668075561523e+00
2.400000000000000000e+01 2.700000000000000000e+01 1.003894901275634766e+01 2.322573661804199219e+00
2.400000000000000000e+01 2.800000000000000000e+01 1.129086208343505859e+01 2.415461540222167969e+00
2.400000000000000000e+01 2.900000000000000000e+01 1.197832965850830078e+01 2.350487232208251953e+00
2.400000000000000000e+01 3.000000000000000000e+01 1.221262741088867188e+01 2.307634830474853516e+00
2.400000000000000000e+01 3.100000000000000000e+01 1.162979030609130859e+01 2.300500631332397461e+00
2.400000000000000000e+01 3.200000000000000000e+01 1.034065818786621094e+01 2.445028781890869141e+00
2.400000000000000000e+01 3.300000000000000000e+01 8.356096267700195312e+00 2.407283067703247070e+00
2.400000000000000000e+01 3.400000000000000000e+01 6.664038181304931641e+00 2.391268491744995117e+00
2.400000000000000000e+01 3.500000000000000000e+01 5.503191947937011719e+00 2.441649436950683594e+00
2.400000000000000000e+01 3.600000000000000000e+01 4.439227104187011719e+00 2.410846710205078125e+00
2.400000000000000000e+01 3.700000000000000000e+01 3.666651487350463867e+00 2.132726669311523438e+00
2.400000000000000000e+01 3.800000000000000000e+01 2.748924493789672852e+00 2.159696102142333984e+00
2.500000000000000000e+01 2.100000000000000000e+01 3.198360681533813477e+00 2.369389295578002930e+00
2.500000000000000000e+01 2.200000000000000000e+01 3.756454944610595703e+00 2.418055295944213867e+00
2.500000000000000000e+01 2.300000000000000000e+01 5.239236354827880859e+00 2.423408508300781250e+00
2.500000000000000000e+01 2.400000000000000000e+01 6.388484477996826172e+00 2.473334074020385742e+00
2.500000000000000000e+01 2.500000000000000000e+01 8.543731689453125000e+00 2.606867074966430664e+00
2.500000000000000000e+01 2.600000000000000000e+01 1.077302455902099609e+01 2.508770942687988281e+00
2.500000000000000000e+01 2.700000000000000000e+01 1.287816429138183594e+01 2.543748855590820312e+00
2.500000000000000000e+01 2.800000000000000000e+01 1.528109073638916016e+01 2.669430494308471680e+00
2.500000000000000000e+01 2.900000000000000000e+01 1.662029838562011719e+01 2.597702741622924805e+00
2.500000000000000000e+01 3.000000000000000000e+01 1.680672073364257812e+01 2.551918983459472656e+00
2.500000000000000000e+01 3.100000000000000000e+01 1.529270744323730469e+01 2.540418863296508789e+00
2.500000000000000000e+01 3.200000000000000000e+01 1.319103717803955078e+01 2.648025274276733398e+00
2.500000000000000000e+01 3.300000000000000000e+01 1.009188175201416016e+01 2.567252159118652344e+00
2.500000000000000000e+01 3.400000000000000000e+01 8.435933113098144531e+00 2.545490026473999023e+00
2.500000000000000000e+01 3.500000000000000000e+01 6.514282703399658203e+00 2.632606744766235352e+00
2.500000000000000000e+01 3.600000000000000000e+01 5.049415588378906250e+00 2.462366342544555664e+00
2.500000000000000000e+01 3.700000000000000000e+01 3.847567558288574219e+00 2.174851894378662109e+00
2.500000000000000000e+01 3.800000000000000000e+01 2.602585315704345703e+00 2.200519561767578125e+00
2.600000000000000000e+01 2.000000000000000000e+01 2.776650667190551758e+00 2.506054162979125977e+00
2.600000000000000000e+01 2.100000000000000000e+01 3.574693679809570312e+00 2.329755544662475586e+00
2.600000000000000000e+01 2.200000000000000000e+01 4.355949878692626953e+00 2.384171485900878906e+00
2.600000000000000000e+01 2.300000000000000000e+01 5.805884838104248047e+00 2.361742496490478516e+00
2.600000000000000000e+01 2.400000000000000000e+01 7.657918453216552734e+00 2.433737993240356445e+00
2.600000000000000000e+01 2.500000000000000000e+01 9.927665710449218750e+00 2.571907997131347656e+00
2.600000000000000000e+01 2.600000000000000000e+01 1.265774345397949219e+01 2.470472097396850586e+00
2.600000000000000000e+01 2.700000000000000000e+01 1.620640563964843750e+01 2.523599147796630859e+00
2.600000000000000000e+01 2.800000000000000000e+01 1.991576385498046875e+01 2.666814327239990234e+00
2.600000000000000000e+01 2.900000000000000000e+01 2.162219619750976562e+01 2.583270788192749023e+00
2.600000000000000000e+01 3.000000000000000000e+01 2.226663780212402344e+01 2.583171844482421875e+00
2.600000000000000000e+01 3.100000000000000000e+01 2.006962013244628906e+01 2.527459383010864258e+00
2.600000000000000000e+01 3.200000000000000000e+01 1.621551513671875000e+01 2.588334321975708008e+00
2.600000000000000000e+01 3.300000000000000000e+01 1.305171966552734375e+01 2.500643730163574219e+00
2.600000000000000000e+01 3.400000000000000000e+01 1.005526924133300781e+01 2.445570230484008789e+00
2.600000000000000000e+01 3.500000000000000000e+01 7.578279972076416016e+00 2.482792615890502930e+00
2.600000000000000000e+01 3.600000000000000000e+01 5.739583969116210938e+00 2.309376239776611328e+00
2.600000000000000000e+01 3.700000000000000000e+01 4.633675098419189453e+00 2.015397787094116211e+00
2.600000000000000000e+01 3.800000000000000000e+01 3.519830703735351562e+00 2.048124551773071289e+00
2.600000000000000000e+01 3.900000000000000000e+01 2.675322294235229492e+00 2.298634290695190430e+00
2.700000000000000000e+01 1.900000000000000000e+01 2.232773303985595703e+00 2.071569681167602539e+00
2.700000000000000000e+01 2.000000000000000000e+01 2.677265882492065430e+00 2.352591991424560547e+00
2.700000000000000000e+01 2.100000000000000000e+01 3.561871528625488281e+00 2.168669939041137695e+00
2.700000000000000000e+01 2.200000000000000000e+01 4.782927036285400391e+00 2.239721536636352539e+00
2.700000000000000000e+01 2.300000000000000000e+01 6.267432689666748047e+00 2.214549064636230469e+00
2.700000000000000000e+01 2.400000000000000000e+01 8.531497001647949219e+00 2.297436714172363281e+00
2.700000000000000000e+01 2.500000000000000000e+01 1.184724521636962891e+01 2.468309402465820312e+00
2.700000000000000000e+01 2.600000000000000000e+01 1.543656349182128906e+01 2.391181707382202148e+00
2.700000000000000000e+01 2.700000000000000000e+01 2.044731330871582031e+01 2.470020055770874023e+00
2.700000000000000000e+01 2.800000000000000000e+01 2.545672798156738281e+01 2.674397945404052734e+00
2.700000000000000000e+01 2.900000000000000000e+01 2.867259216308593750e+01 2.628266572952270508e+00
2.700000000000000000e+01 3.000000000000000000e+01 2.851535415649414062e+01 2.539997100830078125e+00
2.700000000000000000e+01 3.100000000000000000e+01 2.493077278137207031e+01 2.481111764907836914e+00
2.700000000000000000e+01 3.200000000000000000e+01 1.994568061828613281e+01 2.539510726928710938e+00
2.700000000000000000e+01 3.300000000000000000e+01 1.525390815734863281e+01 2.413461208343505859e+00
2.700000000000000000e+01 3.400000000000000000e+01 1.106219005584716797e+01 2.360021352767944336e+00
2.700000000000000000e+01 3.500000000000000000e+01 8.357460975646972656e+00 2.245377779006958008e+00
2.700000000000000000e+01 3.600000000000000000e+01 6.116918563842773438e+00 2.297932624816894531e+00
2.700000000000000000e+01 3.700000000000000000e+01 4.864996433258056641e+00 2.013167142868041992e+00
2.700000000000000000e+01 3.800000000000000000e+01 3.536726236343383789e+00 2.041609287261962891e+00
2.700000000000000000e+01 3.900000000000000000e+01 2.514108657836914062e+00 2.275756597518920898e+00
2.800000000000000000e+01 1.800000000000000000e+01 2.271074056625366211e+00 2.176797389984130859e+00
2.800000000000000000e+01 2.000000000000000000e+01 3.111529350280761719e+00 2.564514875411987305e+00
2.800000000000000000e+01 2.100000000000000000e+01 4.198789119720458984e+00 2.361886262893676758e+00
2.800000000000000000e+01 2.200000000000000000e+01 5.565534114837646484e+00 2.455493450164794922e+00
2.800000000000000000e+01 2.300000000000000000e+01 7.390837669372558594e+00 2.426336050033569336e+00
2.800000000000000000e+01 2.400000000000000000e+01 9.541732788085937500e+00 2.506770372390747070e+00
2.800000000000000000e+01 2.500000000000000000e+01 1.289244174957275391e+01 2.683345317840576172e+00
2.800000000000000000e+01 2.600000000000000000e+01 1.745657157897949219e+01 2.614698886871337891e+00
2.800000000000000000e+01 2.700000000000000000e+01 2.345654869079589844e+01 2.769494533538818359e+00
2.800000000000000000e+01 2.800000000000000000e+01 3.081685256958007812e+01 3.004092216491699219e+00
2.800000000000000000e+01 2.900000000000000000e+01 3.481171417236328125e+01 2.935830116271972656e+00
2.800000000000000000e+01 3.000000000000000000e+01 3.512270736694335938e+01 2.900863885879516602e+00
2.800000000000000000e+01 3.100000000000000000e+01 3.022285461425781250e+01 2.833812713623046875e+00
2.800000000000000000e+01 3.200000000000000000e+01 2.286670112609863281e+01 2.828123569488525391e+00
2.800000000000000000e+01 3.300000000000000000e+01 1.687577056884765625e+01 2.652944803237915039e+00
2.800000000000000000e+01 3.400000000000000000e+01 1.232978248596191406e+01 2.613264560699462891e+00
2.800000000000000000e+01 3.500000000000000000e+01 9.068359375000000000e+00 2.549967288970947266e+00
2.800000000000000000e+01 3.600000000000000000e+01 6.743674278259277344e+00 2.689348697662353516e+00
2.800000000000000000e+01 3.700000000000000000e+01 4.978554248809814453e+00 2.381454229354858398e+00
2.800000000000000000e+01 3.800000000000000000e+01 3.669512033462524414e+00 2.446265220642089844e+00
2.800000000000000000e+01 3.900000000000000000e+01 2.753825664520263672e+00 2.638264894485473633e+00
2.900000000000000000e+01 1.800000000000000000e+01 2.302497148513793945e+00 2.151937007904052734e+00
2.900000000000000000e+01 2.000000000000000000e+01 2.844599008560180664e+00 2.463649272918701172e+00
2.900000000000000000e+01 2.100000000000000000e+01 4.194146633148193359e+00 2.304211378097534180e+00
2.900000000000000000e+01 2.200000000000000000e+01 5.253661155700683594e+00 2.389982700347900391e+00
2.900000000000000000e+01 2.300000000000000000e+01 7.344336509704589844e+00 2.407105445861816406e+00
2.900000000000000000e+01 2.400000000000000000e+01 9.733264923095703125e+00 2.474836826324462891e+00
2.900000000000000000e+01 2.500000000000000000e+01 1.379319953918457031e+01 2.645449399948120117e+00
2.900000000000000000e+01 2.600000000000000000e+01 1.865418434143066406e+01 2.599302291870117188e+00
2.900000000000000000e+01 2.700000000000000000e+01 2.522314643859863281e+01 2.760599374771118164e+00
2.900000000000000000e+01 2.800000000000000000e+01 3.242979049682617188e+01 2.929997920989990234e+00
2.900000000000000000e+01 2.900000000000000000e+01 3.700024414062500000e+01 2.927167177200317383e+00
2.900000000000000000e+01 3.000000000000000000e+01 3.693489837646484375e+01 2.896572113037109375e+00
2.900000000000000000e+01 3.100000000000000000e+01 3.120663261413574219e+01 2.804390192031860352e+00
2.900000000000000000e+01 3.200000000000000000e+01 2.360138893127441406e+01 2.772022485733032227e+00
2.900000000000000000e+01 3.300000000000000000e+01 1.706798171997070312e+01 2.586964130401611328e+00
2.900000000000000000e+01 3.400000000000000000e+01 1.202440643310546875e+01 2.506322860717773438e+00
2.900000000000000000e+01 3.500000000000000000e+01 8.731550216674804688e+00 2.601005315780639648e+00
2.900000000000000000e+01 3.600000000000000000e+01 6.420301914215087891e+00 2.456323146820068359e+00
2.900000000000000000e+01 3.700000000000000000e+01 4.870612621307373047e+00 2.184358119964599609e+00
2.900000000000000000e+01 3.800000000000000000e+01 3.238460540771484375e+00 2.224888563156127930e+00
2.900000000000000000e+01 3.900000000000000000e+01 3.099706172943115234e+00 2.455885171890258789e+00
3.000000000000000000e+01 1.900000000000000000e+01 2.459623575210571289e+00 2.184235572814941406e+00
3.000000000000000000e+01 2.000000000000000000e+01 3.227681398391723633e+00 2.456286668777465820e+00
3.000000000000000000e+01 2.100000000000000000e+01 4.198006629943847656e+00 2.218404054641723633e+00
3.000000000000000000e+01 2.200000000000000000e+01 5.660680770874023438e+00 2.351249694824218750e+00
3.000000000000000000e+01 2.300000000000000000e+01 7.076984882354736328e+00 2.315073490142822266e+00
3.000000000000000000e+01 2.400000000000000000e+01 9.778924942016601562e+00 2.413123369216918945e+00
3.000000000000000000e+01 2.500000000000000000e+01 1.342060565948486328e+01 2.577367782592773438e+00
3.000000000000000000e+01 2.600000000000000000e+01 1.856546783447265625e+01 2.518195152282714844e+00
3.000000000000000000e+01 2.700000000000000000e+01 2.471876525878906250e+01 2.681822538375854492e+00
3.000000000000000000e+01 2.800000000000000000e+01 3.168739891052246094e+01 2.835314512252807617e+00
3.000000000000000000e+01 2.900000000000000000e+01 3.493138122558593750e+01 2.802986621856689453e+00
3.000000000000000000e+01 3.000000000000000000e+01 3.412343215942382812e+01 2.778998851776123047e+00
3.000000000000000000e+01 3.100000000000000000e+01 2.917375183105468750e+01 2.700317621231079102e+00
3.000000000000000000e+01 3.200000000000000000e+01 2.213169479370117188e+01 2.684578895568847656e+00
3.000000000000000000e+01 3.300000000000000000e+01 1.638337898254394531e+01 2.504146814346313477e+00
3.000000000000000000e+01 3.400000000000000000e+01 1.134535217285156250e+01 2.438552618026733398e+00
3.000000000000000000e+01 3.500000000000000000e+01 8.450146675109863281e+00 2.413944959640502930e+00
3.000000000000000000e+01 3.600000000000000000e+01 6.090744018554687500e+00 2.466595888137817383e+00
3.000000000000000000e+01 3.700000000000000000e+01 4.128091335296630859e+00 2.181711196899414062e+00
3.000000000000000000e+01 3.800000000000000000e+01 2.934842348098754883e+00 2.254319429397583008e+00
3.000000000000000000e+01 3.900000000000000000e+01 2.535395145416259766e+00 2.478972911834716797e+00
3.100000000000000000e+01 2.000000000000000000e+01 2.853575944900512695e+00 2.527773380279541016e+00
3.100000000000000000e+01 2.100000000000000000e+01 3.642227649688720703e+00 2.305480957031250000e+00
3.100000000000000000e+01 2.200000000000000000e+01 5.268890380859375000e+00 2.386164426803588867e+00
3.100000000000000000e+01 2.300000000000000000e+01 6.738711833953857422e+00 2.331598758697509766e+00
3.100000000000000000e+01 2.400000000000000000e+01 9.032372474670410156e+00 2.517114639282226562e+00
3.100000000000000000e+01 2.500000000000000000e+01 1.261724948883056641e+01 2.611169576644897461e+00
3.100000000000000000e+01 2.600000000000000000e+01 1.666269874572753906e+01 2.484839916229248047e+00
3.100000000000000000e+01 2.700000000000000000e+01 2.145552062988281250e+01 2.768075704574584961e+00
3.100000000000000000e+01 2.800000000000000000e+01 2.672926139831542969e+01 2.725939035415649414e+00
3.100000000000000000e+01 2.900000000000000000e+01 2.861837387084960938e+01 2.730206489562988281e+00
3.100000000000000000e+01 3.000000000000000000e+01 2.807537841796875000e+01 2.746124029159545898e+00
3.100000000000000000e+01 3.100000000000000000e+01 2.386784362792968750e+01 2.742180347442626953e+00
3.100000000000000000e+01 3.200000000000000000e+01 1.891979408264160156e+01 2.707126379013061523e+00
3.100000000000000000e+01 3.300000000000000000e+01 1.435150337219238281e+01 2.466548204421997070e+00
3.100000000000000000e+01 3.400000000000000000e+01 1.051755714416503906e+01 2.426067829132080078e+00
3.100000000000000000e+01 3.500000000000000000e+01 7.948660373687744141e+00 2.421203851699829102e+00
3.100000000000000000e+01 3.600000000000000000e+01 5.934677124023437500e+00 2.536961555480957031e+00
3.100000000000000000e+01 3.700000000000000000e+01 4.197986125946044922e+00 2.231257438659667969e+00
3.100000000000000000e+01 3.800000000000000000e+01 3.449234247207641602e+00 2.374219894409179688e+00
3.100000000000000000e+01 3.900000000000000000e+01 2.782040357589721680e+00 2.620264768600463867e+00
3.200000000000000000e+01 2.000000000000000000e+01 2.769182205200195312e+00 2.595256328582763672e+00
3.200000000000000000e+01 2.100000000000000000e+01 3.538409948348999023e+00 2.314168930053710938e+00
3.200000000000000000e+01 2.200000000000000000e+01 4.415497303009033203e+00 2.370442390441894531e+00
3.200000000000000000e+01 2.300000000000000000e+01 6.396510601043701172e+00 2.616956710815429688e+00
3.200000000000000000e+01 2.400000000000000000e+01 8.159934997558593750e+00 2.644758224487304688e+00
3.200000000000000000e+01 2.500000000000000000e+01 1.099355888366699219e+01 2.710537433624267578e+00
3.200000000000000000e+01 2.600000000000000000e+01 1.401160717010498047e+01 2.636574029922485352e+00
3.200000000000000000e+01 2.700000000000000000e+01 1.758444023132324219e+01 2.840225934982299805e+00
3.200000000000000000e+01 2.800000000000000000e+01 2.021854591369628906e+01 2.729483842849731445e+00
3.200000000000000000e+01 2.900000000000000000e+01 2.167586135864257812e+01 2.688471078872680664e+00
3.200000000000000000e+01 3.000000000000000000e+01 2.072896194458007812e+01 2.622485637664794922e+00
3.200000000000000000e+01 3.100000000000000000e+01 1.883207130432128906e+01 2.651522636413574219e+00
3.200000000000000000e+01 3.200000000000000000e+01 1.521143150329589844e+01 2.651689052581787109e+00
3.200000000000000000e+01 3.300000000000000000e+01 1.109986877441406250e+01 2.510742187500000000e+00
3.200000000000000000e+01 3.400000000000000000e+01 8.693650245666503906e+00 2.443931818008422852e+00
3.200000000000000000e+01 3.500000000000000000e+01 6.425683975219726562e+00 2.571931838989257812e+00
3.200000000000000000e+01 3.600000000000000000e+01 5.116250991821289062e+00 2.352462053298950195e+00
3.200000000000000000e+01 3.700000000000000000e+01 3.901378393173217773e+00 2.125260829925537109e+00
3.200000000000000000e+01 3.800000000000000000e+01 3.065327882766723633e+00 2.261360645294189453e+00
3.300000000000000000e+01 2.100000000000000000e+01 3.185621023178100586e+00 2.281592607498168945e+00
3.300000000000000000e+01 2.200000000000000000e+01 4.353228092193603516e+00 2.359682798385620117e+00
3.300000000000000000e+01 2.300000000000000000e+01 6.237239360809326172e+00 2.559766769409179688e+00
3.300000000000000000e+01 2.400000000000000000e+01 7.121116638183593750e+00 2.570848464965820312e+00
3.300000000000000000e+01 2.500000000000000000e+01 9.667878150939941406e+00 2.638867378234863281e+00
3.300000000000000000e+01 2.600000000000000000e+01 1.144977092742919922e+01 2.584821939468383789e+00
3.300000000000000000e+01 2.700000000000000000e+01 1.374970245361328125e+01 2.779301881790161133e+00
3.300000000000000000e+01 2.800000000000000000e+01 1.562313556671142578e+01 2.645687341690063477e+00
3.300000000000000000e+01 2.900000000000000000e+01 1.634921646118164062e+01 2.624853849411010742e+00
3.300000000000000000e+01 3.000000000000000000e+01 1.586951160430908203e+01 2.589382886886596680e+00
3.300000000000000000e+01 3.100000000000000000e+01 1.499204635620117188e+01 2.660949945449829102e+00
3.300000000000000000e+01 3.200000000000000000e+01 1.212850475311279297e+01 2.645567655563354492e+00
3.300000000000000000e+01 3.300000000000000000e+01 9.787444114685058594e+00 2.565295457839965820e+00
3.300000000000000000e+01 3.400000000000000000e+01 7.287767887115478516e+00 2.488432645797729492e+00
3.300000000000000000e+01 3.500000000000000000e+01 5.675376892089843750e+00 2.479821443557739258e+00
3.300000000000000000e+01 3.600000000000000000e+01 4.717283248901367188e+00 2.387944459915161133e+00
3.300000000000000000e+01 3.700000000000000000e+01 3.353964805603027344e+00 2.132424354553222656e+00
3.300000000000000000e+01 3.800000000000000000e+01 2.585542440414428711e+00 2.291537523269653320e+00
3.400000000000000000e+01 2.100000000000000000e+01 2.894787788391113281e+00 2.270034790039062500e+00
3.400000000000000000e+01 2.200000000000000000e+01 4.434298515319824219e+00 2.352530479431152344e+00
3.400000000000000000e+01 2.300000000000000000e+01 4.725831985473632812e+00 2.515207052230834961e+00
3.400000000000000000e+01 2.400000000000000000e+01 6.124637126922607422e+00 2.555114030838012695e+00
3.400000000000000000e+01 2.500000000000000000e+01 7.442168712615966797e+00 2.544801712036132812e+00
3.400000000000000000e+01 2.600000000000000000e+01 8.965020179748535156e+00 2.490715503692626953e+00
3.400000000000000000e+01 2.700000000000000000e+01 1.057033443450927734e+01 2.593376159667968750e+00
3.400000000000000000e+01 2.800000000000000000e+01 1.185902214050292969e+01 2.492131233215332031e+00
3.400000000000000000e+01 2.900000000000000000e+01 1.224779033660888672e+01 2.406180620193481445e+00
3.400000000000000000e+01 3.000000000000000000e+01 1.163008785247802734e+01 2.342098236083984375e+00
3.400000000000000000e+01 3.100000000000000000e+01 1.121824932098388672e+01 2.441620588302612305e+00
3.400000000000000000e+01 3.200000000000000000e+01 9.097101211547851562e+00 2.473951101303100586e+00
3.400000000000000000e+01 3.300000000000000000e+01 8.096598625183105469e+00 2.398282051086425781e+00
3.400000000000000000e+01 3.400000000000000000e+01 6.290765285491943359e+00 2.307354927062988281e+00
3.400000000000000000e+01 3.500000000000000000e+01 4.624553203582763672e+00 2.319887638092041016e+00
3.400000000000000000e+01 3.600000000000000000e+01 3.902880907058715820e+00 2.194137334823608398e+00
3.400000000000000000e+01 3.700000000000000000e+01 2.595598936080932617e+00 1.980323076248168945e+00
3.400000000000000000e+01 3.800000000000000000e+01 2.294004678726196289e+00 2.136316299438476562e+00
3.500000000000000000e+01 2.100000000000000000e+01 2.650027990341186523e+00 2.226777791976928711e+00
3.500000000000000000e+01 2.200000000000000000e+01 3.490811824798583984e+00 2.316381931304931641e+00
3.500000000000000000e+01 2.300000000000000000e+01 4.340518474578857422e+00 2.504199028015136719e+00
3.500000000000000000e+01 2.400000000000000000e+01 5.354031085968017578e+00 2.562594413757324219e+00
3.500000000000000000e+01 2.500000000000000000e+01 5.952647209167480469e+00 2.512302875518798828e+00
3.500000000000000000e+01 2.600000000000000000e+01 7.516515254974365234e+00 2.442773103713989258e+00
3.500000000000000000e+01 2.700000000000000000e+01 8.025816917419433594e+00 2.525038003921508789e+00
3.500000000000000000e+01 2.800000000000000000e+01 8.847249984741210938e+00 2.419200181961059570e+00
3.500000000000000000e+01 2.900000000000000000e+01 9.100399971008300781e+00 2.334205150604248047e+00
3.500000000000000000e+01 3.000000000000000000e+01 8.609506607055664062e+00 2.275321245193481445e+00
3.500000000000000000e+01 3.100000000000000000e+01 8.605128288269042969e+00 2.409942150115966797e+00
3.500000000000000000e+01 3.200000000000000000e+01 7.560161113739013672e+00 2.455740213394165039e+00
3.500000000000000000e+01 3.300000000000000000e+01 6.142219543457031250e+00 2.375272512435913086e+00
3.500000000000000000e+01 3.400000000000000000e+01 5.042955875396728516e+00 2.344947338104248047e+00
3.500000000000000000e+01 3.500000000000000000e+01 4.261239051818847656e+00 2.299446582794189453e+00
3.500000000000000000e+01 3.600000000000000000e+01 3.290695905685424805e+00 2.287469625473022461e+00
3.500000000000000000e+01 3.700000000000000000e+01 2.614409208297729492e+00 2.064236164093017578e+00
3.600000000000000000e+01 2.200000000000000000e+01 3.146818637847900391e+00 2.355069637298583984e+00
3.600000000000000000e+01 2.300000000000000000e+01 3.631150484085083008e+00 2.491866350173950195e+00
3.600000000000000000e+01 2.400000000000000000e+01 4.190943241119384766e+00 2.512059688568115234e+00
3.600000000000000000e+01 2.500000000000000000e+01 5.247191429138183594e+00 2.537159204483032227e+00
3.600000000000000000e+01 2.600000000000000000e+01 5.623586654663085938e+00 2.413213014602661133e+00
3.600000000000000000e+01 2.700000000000000000e+01 5.976837158203125000e+00 2.515961408615112305e+00
3.600000000000000000e+01 2.800000000000000000e+01 6.641826629638671875e+00 2.394925117492675781e+00
3.600000000000000000e+01 2.900000000000000000e+01 6.808710098266601562e+00 2.314290046691894531e+00
3.600000000000000000e+01 3.000000000000000000e+01 6.736656188964843750e+00 2.241152763366699219e+00
3.600000000000000000e+01 3.100000000000000000e+01 6.379307270050048828e+00 2.348429679870605469e+00
3.600000000000000000e+01 3.200000000000000000e+01 5.844953536987304688e+00 2.416032314300537109e+00
3.600000000000000000e+01 3.300000000000000000e+01 4.505033969879150391e+00 2.297348499298095703e+00
3.600000000000000000e+01 3.400000000000000000e+01 4.306384563446044922e+00 2.301519632339477539e+00
3.600000000000000000e+01 3.500000000000000000e+01 3.057695150375366211e+00 2.324650287628173828e+00
3.600000000000000000e+01 3.600000000000000000e+01 2.994351387023925781e+00 2.196954011917114258e+00
3.600000000000000000e+01 3.700000000000000000e+01 2.501680612564086914e+00 1.996976137161254883e+00
3.700000000000000000e+01 2.200000000000000000e+01 2.850455760955810547e+00 2.286925554275512695e+00
3.700000000000000000e+01 2.300000000000000000e+01 2.930255651473999023e+00 2.395560979843139648e+00
3.700000000000000000e+01 2.400000000000000000e+01 3.393370389938354492e+00 2.423619508743286133e+00
3.700000000000000000e+01 2.500000000000000000e+01 4.091945171356201172e+00 2.425543069839477539e+00
3.700000000000000000e+01 2.600000000000000000e+01 4.643601417541503906e+00 2.316786050796508789e+00
3.700000000000000000e+01 2.700000000000000000e+01 4.966673851013183594e+00 2.437203407287597656e+00
3.700000000000000000e+01 2.800000000000000000e+01 5.515249252319335938e+00 2.289426803588867188e+00
3.700000000000000000e+01 2.900000000000000000e+01 5.326178073883056641e+00 2.175860166549682617e+00
3.700000000000000000e+01 3.000000000000000000e+01 4.858937263488769531e+00 2.130145549774169922e+00
3.700000000000000000e+01 3.100000000000000000e+01 5.388958454132080078e+00 2.246746063232421875e+00
3.700000000000000000e+01 3.200000000000000000e+01 4.619993686676025391e+00 2.324177503585815430e+00
3.700000000000000000e+01 3.300000000000000000e+01 3.880062580108642578e+00 2.216983795166015625e+00
3.700000000000000000e+01 3.400000000000000000e+01 3.165395736694335938e+00 2.193705797195434570e+00
3.700000000000000000e+01 3.500000000000000000e+01 2.699044704437255859e+00 2.169280290603637695e+00
3.700000000000000000e+01 3.600000000000000000e+01 2.353971719741821289e+00 2.163459539413452148e+00
3.700000000000000000e+01 3.700000000000000000e+01 2.035834789276123047e+00 1.980552554130554199e+00
3.800000000000000000e+01 2.200000000000000000e+01 2.225140571594238281e+00 2.090713262557983398e+00
3.800000000000000000e+01 2.300000000000000000e+01 2.619516372680664062e+00 2.204117774963378906e+00
3.800000000000000000e+01 2.400000000000000000e+01 3.299580812454223633e+00 2.253667593002319336e+00
3.800000000000000000e+01 2.500000000000000000e+01 3.480597496032714844e+00 2.224832534790039062e+00
3.800000000000000000e+01 2.600000000000000000e+01 3.767965793609619141e+00 2.119222640991210938e+00
3.800000000000000000e+01 2.700000000000000000e+01 4.054694175720214844e+00 2.254732608795166016e+00
3.800000000000000000e+01 2.800000000000000000e+01 4.132101535797119141e+00 2.062882184982299805e+00
3.800000000000000000e+01 2.900000000000000000e+01 3.767472267150878906e+00 1.929282069206237793e+00
3.800000000000000000e+01 3.000000000000000000e+01 4.040427207946777344e+00 1.928364753723144531e+00
3.800000000000000000e+01 3.100000000000000000e+01 3.906396865844726562e+00 2.055140972137451172e+00
3.800000000000000000e+01 3.200000000000000000e+01 3.488981485366821289e+00 2.167886972427368164e+00
3.800000000000000000e+01 3.300000000000000000e+01 3.154382944107055664e+00 2.059309959411621094e+00
3.800000000000000000e+01 3.400000000000000000e+01 2.458175897598266602e+00 2.030039072036743164e+00
3.800000000000000000e+01 3.500000000000000000e+01 2.029015302658081055e+00 2.028131961822509766e+00
3.900000000000000000e+01 2.300000000000000000e+01 2.515062570571899414e+00 2.264482736587524414e+00
3.900000000000000000e+01 2.400000000000000000e+01 2.666068077087402344e+00 2.290740013122558594e+00
3.900000000000000000e+01 2.500000000000000000e+01 2.780324697494506836e+00 2.264437198638916016e+00
3.900000000000000000e+01 2.600000000000000000e+01 3.340322017669677734e+00 2.176060438156127930e+00
3.900000000000000000e+01 2.700000000000000000e+01 3.776785373687744141e+00 2.310133457183837891e+00
3.900000000000000000e+01 2.800000000000000000e+01 3.603788614273071289e+00 2.117222547531127930e+00
3.900000000000000000e+01 2.900000000000000000e+01 3.223482608795166016e+00 1.968542337417602539e+00
3.900000000000000000e+01 3.000000000000000000e+01 3.477400541305541992e+00 1.971281290054321289e+00
3.900000000000000000e+01 3.100000000000000000e+01 3.033451318740844727e+00 2.047346591949462891e+00
3.900000000000000000e+01 3.200000000000000000e+01 2.549111843109130859e+00 2.141553401947021484e+00
3.900000000000000000e+01 3.300000000000000000e+01 2.492092370986938477e+00 2.035618305206298828e+00
4.000000000000000000e+01 2.400000000000000000e+01 2.384649038314819336e+00 2.219098567962646484e+00
4.000000000000000000e+01 2.600000000000000000e+01 2.532333135604858398e+00 2.110123395919799805e+00
4.000000000000000000e+01 2.700000000000000000e+01 2.585553646087646484e+00 2.226135730743408203e+00
4.000000000000000000e+01 2.800000000000000000e+01 2.628305435180664062e+00 2.059422016143798828e+00
4.000000000000000000e+01 2.900000000000000000e+01 2.374963760375976562e+00 1.940427064895629883e+00
4.000000000000000000e+01 3.000000000000000000e+01 2.533614158630371094e+00 1.995831370353698730e+00
4.000000000000000000e+01 3.100000000000000000e+01 2.375224351882934570e+00 2.084394931793212891e+00
4.000000000000000000e+01 3.200000000000000000e+01 2.238276243209838867e+00 2.179645776748657227e+00
4.100000000000000000e+01 2.400000000000000000e+01 2.347781181335449219e+00 2.271691560745239258e+00
4.100000000000000000e+01 2.500000000000000000e+01 2.403901576995849609e+00 2.230451107025146484e+00
4.100000000000000000e+01 2.600000000000000000e+01 2.614387750625610352e+00 2.178846597671508789e+00
4.100000000000000000e+01 2.700000000000000000e+01 2.589346885681152344e+00 2.254671573638916016e+00
4.100000000000000000e+01 2.800000000000000000e+01 2.511621236801147461e+00 2.119785308837890625e+00
4.100000000000000000e+01 2.900000000000000000e+01 2.363464117050170898e+00 2.012906312942504883e+00
4.100000000000000000e+01 3.000000000000000000e+01 2.198359966278076172e+00 2.004047393798828125e+00
4.100000000000000000e+01 3.100000000000000000e+01 2.401296854019165039e+00 2.139732837677001953e+00
4.200000000000000000e+01 2.600000000000000000e+01 2.266206979751586914e+00 2.186148643493652344e+00
4.200000000000000000e+01 2.700000000000000000e+01 2.338472127914428711e+00 2.257323265075683594e+00
4.200000000000000000e+01 3.100000000000000000e+01 2.247838973999023438e+00 2.137480974197387695e+00
