# Bin_id signal noise snr
0       3.700024e+01       2.927167e+00 1.264029026031494141e+01 
1       2.708582e+02       8.173772e+00 3.313747787475585938e+01 
2       3.300694e+02       9.425719e+00 3.501795196533203125e+01 
3       3.780594e+02       1.127754e+01 3.352322387695312500e+01 
4       3.787197e+02       1.274731e+01 2.970977020263671875e+01 
5       3.099426e+02       1.273667e+01 2.433465957641601562e+01 
6       3.113925e+02       1.421811e+01 2.190112304687500000e+01 
7       2.536541e+02       1.446655e+01 1.753383636474609375e+01 
8       2.610894e+02       1.646648e+01 1.585581588745117188e+01 
9       2.098013e+02       1.607481e+01 1.305155658721923828e+01 
10       1.673683e+02       1.582674e+01 1.057503509521484375e+01 
11       1.425237e+02       1.614066e+01 8.830105781555175781e+00 
12       7.965542e+01       1.255615e+01 6.343936443328857422e+00 
