# Output table for the combined model: Lens + Dynamic.
#  Iteration	 Mean acceptance fraction	 Processing Time
	0	 0.000000e+00			 0.000000e+00	 
	2	 0.000000e+00			 1.301892e-01	 
	4	 0.000000e+00			 1.963518e-01	 
	6	 0.000000e+00			 2.756541e-01	 
	8	 0.000000e+00			 3.457477e-01	 
	10	 0.000000e+00			 4.201629e-01	 
	12	 0.000000e+00			 4.869555e-01	 
	14	 0.000000e+00			 5.562115e-01	 
	16	 0.000000e+00			 6.290685e-01	 
	18	 0.000000e+00			 7.045949e-01	 
	20	 0.000000e+00			 7.749454e-01	 
	22	 0.000000e+00			 8.519348e-01	 
	24	 0.000000e+00			 9.243894e-01	 
	26	 0.000000e+00			 1.007965e+00	 
	28	 0.000000e+00			 1.076286e+00	 
	30	 0.000000e+00			 1.157523e+00	 
	32	 0.000000e+00			 1.240436e+00	 
	34	 0.000000e+00			 1.326515e+00	 
	36	 0.000000e+00			 1.403365e+00	 
	38	 0.000000e+00			 1.495058e+00	 
	40	 0.000000e+00			 1.590718e+00	 
	42	 0.000000e+00			 1.685294e+00	 
	44	 0.000000e+00			 1.773736e+00	 
	46	 0.000000e+00			 1.847556e+00	 
	48	 0.000000e+00			 1.932316e+00	 
	50	 0.000000e+00			 2.023738e+00	 
	52	 0.000000e+00			 2.105478e+00	 
	54	 0.000000e+00			 2.179658e+00	 
	56	 0.000000e+00			 2.261081e+00	 
	58	 0.000000e+00			 2.338439e+00	 
	60	 0.000000e+00			 2.419551e+00	 
	62	 3.225806e-04			 1.614895e+01	 
	64	 3.125000e-04			 1.622330e+01	 
	66	 3.030303e-04			 1.644521e+01	 
	68	 2.941176e-04			 1.652227e+01	 
	70	 2.857143e-04			 1.660934e+01	 
	72	 2.777778e-04			 1.668830e+01	 
	74	 2.702703e-04			 1.676949e+01	 
	76	 2.631579e-04			 1.684801e+01	 
	78	 2.564103e-04			 1.692704e+01	 
	80	 5.000000e-04			 3.053262e+01	 
	82	 4.878049e-04			 3.061522e+01	 
	84	 7.142857e-04			 4.445337e+01	 
	86	 6.976744e-04			 4.455547e+01	 
	88	 6.818182e-04			 4.465688e+01	 
	90	 6.666667e-04			 4.475127e+01	 
	92	 6.521739e-04			 4.483401e+01	 
	94	 6.382979e-04			 5.825875e+01	 
	96	 6.250000e-04			 5.833661e+01	 
	98	 6.122449e-04			 5.841612e+01	 
	100	 6.000000e-04			 5.849605e+01	 
	102	 5.882353e-04			 5.858379e+01	 
	104	 5.769231e-04			 5.866187e+01	 
	106	 5.660377e-04			 7.277477e+01	 
	108	 5.555556e-04			 7.286123e+01	 
	110	 5.454545e-04			 7.295566e+01	 
	112	 5.357143e-04			 7.304741e+01	 
	114	 5.263158e-04			 7.313134e+01	 
	116	 5.172414e-04			 7.322161e+01	 
	118	 5.084746e-04			 7.331276e+01	 
	120	 5.000000e-04			 7.340482e+01	 
	122	 4.918033e-04			 7.350431e+01	 
	124	 4.838710e-04			 8.738123e+01	 
	126	 4.761905e-04			 8.746798e+01	 
	128	 4.687500e-04			 8.755340e+01	 
	130	 6.153846e-04			 1.022020e+02	 
	132	 6.060606e-04			 1.023370e+02	 
	134	 5.970149e-04			 1.024647e+02	 
	136	 5.882353e-04			 1.026031e+02	 
	138	 5.797101e-04			 1.027071e+02	 
	140	 5.714286e-04			 1.028119e+02	 
	142	 5.633803e-04			 1.029169e+02	 
	144	 5.555556e-04			 1.030141e+02	 
	146	 5.479452e-04			 1.031117e+02	 
	148	 5.405405e-04			 1.032126e+02	 
	150	 5.333333e-04			 1.033102e+02	 
	152	 5.263158e-04			 1.034083e+02	 
	154	 5.194805e-04			 1.035113e+02	 
	156	 5.128205e-04			 1.036087e+02	 
	158	 5.063291e-04			 1.037126e+02	 
	160	 5.000000e-04			 1.038093e+02	 
	162	 4.938272e-04			 1.039081e+02	 
	164	 4.878049e-04			 1.176252e+02	 
	166	 4.819277e-04			 1.177201e+02	 
	168	 4.761905e-04			 1.178182e+02	 
	170	 4.705882e-04			 1.179277e+02	 
	172	 4.651163e-04			 1.180394e+02	 
	174	 4.597701e-04			 1.181404e+02	 
	176	 4.545455e-04			 1.182443e+02	 
	178	 5.617978e-04			 1.317992e+02	 
	180	 5.555556e-04			 1.318997e+02	 
	182	 5.494505e-04			 1.319978e+02	 
	184	 5.434783e-04			 1.321006e+02	 
	186	 5.376344e-04			 1.322020e+02	 
	188	 5.319149e-04			 1.323001e+02	 
	190	 5.263158e-04			 1.324028e+02	 
	192	 5.208333e-04			 1.325039e+02	 
	194	 5.154639e-04			 1.326142e+02	 
	196	 5.102041e-04			 1.327127e+02	 
	198	 5.050505e-04			 1.328077e+02	 
	200	 5.000000e-04			 1.329097e+02	 
	202	 4.950495e-04			 1.330094e+02	 
	204	 4.901961e-04			 1.331075e+02	 
	206	 4.854369e-04			 1.332089e+02	 
	208	 4.807692e-04			 1.333114e+02	 
	210	 4.761905e-04			 1.334095e+02	 
	212	 4.716981e-04			 1.335121e+02	 
	214	 4.672897e-04			 1.336106e+02	 
	216	 4.629630e-04			 1.337204e+02	 
	218	 4.587156e-04			 1.472300e+02	 
	220	 4.545455e-04			 1.607370e+02	 
	222	 4.504505e-04			 1.608395e+02	 
	224	 4.464286e-04			 1.609493e+02	 
	226	 4.424779e-04			 1.610603e+02	 
	228	 4.385965e-04			 1.611651e+02	 
	230	 4.347826e-04			 1.612673e+02	 
	232	 4.310345e-04			 1.613659e+02	 
	234	 4.273504e-04			 1.614747e+02	 
	236	 4.237288e-04			 1.615754e+02	 
	238	 4.201681e-04			 1.616780e+02	 
	240	 4.166667e-04			 1.617811e+02	 
	242	 4.132231e-04			 1.618839e+02	 
	244	 4.098361e-04			 1.619894e+02	 
	246	 4.065041e-04			 1.620959e+02	 
	248	 4.032258e-04			 1.621970e+02	 
	250	 4.000000e-04			 1.622989e+02	 
	252	 3.968254e-04			 1.624079e+02	 
	254	 3.937008e-04			 1.625203e+02	 
	256	 3.906250e-04			 1.626222e+02	 
	258	 3.875969e-04			 1.627429e+02	 
	260	 3.846154e-04			 1.628634e+02	 
	262	 3.816794e-04			 1.629847e+02	 
	264	 3.787879e-04			 1.631084e+02	 
	266	 3.759398e-04			 1.632340e+02	 
	268	 3.731343e-04			 1.633537e+02	 
	270	 3.703704e-04			 1.634751e+02	 
	272	 3.676471e-04			 1.635958e+02	 
	274	 3.649635e-04			 1.637135e+02	 
	276	 3.623188e-04			 1.638323e+02	 
	278	 3.597122e-04			 1.639546e+02	 
	280	 3.571429e-04			 1.640755e+02	 
	282	 3.546099e-04			 1.642013e+02	 
	284	 3.521127e-04			 1.643243e+02	 
	286	 3.496503e-04			 1.781384e+02	 
	288	 3.472222e-04			 1.782606e+02	 
	290	 3.448276e-04			 1.783813e+02	 
	292	 3.424658e-04			 1.785062e+02	 
	294	 3.401361e-04			 1.786289e+02	 
	296	 3.378378e-04			 1.787524e+02	 
	298	 3.355705e-04			 1.788738e+02	 
	300	 3.333333e-04			 1.789965e+02	 
	302	 3.311258e-04			 1.791209e+02	 
	304	 3.289474e-04			 1.792426e+02	 
	306	 3.267974e-04			 1.793707e+02	 
	308	 3.246753e-04			 1.794917e+02	 
	310	 3.225806e-04			 1.796224e+02	 
	312	 3.205128e-04			 1.797418e+02	 
	314	 3.821656e-04			 1.934746e+02	 
	316	 4.430380e-04			 2.073341e+02	 
	318	 4.402516e-04			 2.074520e+02	 
	320	 4.375000e-04			 2.075659e+02	 
	322	 4.347826e-04			 2.076869e+02	 
	324	 4.320988e-04			 2.078146e+02	 
	326	 4.294479e-04			 2.079403e+02	 
	328	 4.268293e-04			 2.080693e+02	 
	330	 4.242424e-04			 2.082120e+02	 
	332	 4.216867e-04			 2.083346e+02	 
	334	 5.389222e-04			 2.350692e+02	 
	336	 5.357143e-04			 2.351809e+02	 
	338	 5.917160e-04			 2.487084e+02	 
	340	 5.882353e-04			 2.488202e+02	 
	342	 6.432749e-04			 2.761070e+02	 
	344	 6.395349e-04			 2.897837e+02	 
	346	 6.358382e-04			 2.898945e+02	 
	348	 6.321839e-04			 3.035407e+02	 
	350	 6.285714e-04			 3.036529e+02	 
	352	 6.250000e-04			 3.183350e+02	 
	354	 6.214689e-04			 3.184570e+02	 
	356	 6.179775e-04			 3.185787e+02	 
	358	 6.145251e-04			 3.187070e+02	 
	360	 6.111111e-04			 3.188291e+02	 
	362	 6.629834e-04			 3.322779e+02	 
	364	 6.593407e-04			 3.452426e+02	 
	366	 7.103825e-04			 3.588446e+02	 
	368	 7.065217e-04			 3.589559e+02	 
	370	 7.027027e-04			 3.859400e+02	 
	372	 7.526882e-04			 4.139196e+02	 
	374	 7.486631e-04			 4.277494e+02	 
	376	 7.446809e-04			 4.278725e+02	 
	378	 7.407407e-04			 4.417440e+02	 
	380	 7.894737e-04			 4.554664e+02	 
	382	 7.853403e-04			 4.555845e+02	 
	384	 7.812500e-04			 4.557094e+02	 
	386	 7.772021e-04			 4.696984e+02	 
	388	 7.731959e-04			 4.836740e+02	 
	390	 7.692308e-04			 4.837972e+02	 
	392	 7.653061e-04			 4.978775e+02	 
	394	 8.121827e-04			 5.109307e+02	 
	396	 8.080808e-04			 5.110434e+02	 
	398	 8.040201e-04			 5.111610e+02	 
	400	 8.000000e-04			 5.245230e+02	 
	402	 7.960199e-04			 5.246463e+02	 
	404	 7.920792e-04			 5.247784e+02	 
	406	 7.881773e-04			 5.522826e+02	 
	408	 7.843137e-04			 5.658515e+02	 
	410	 8.292683e-04			 5.795576e+02	 
	412	 8.252427e-04			 5.931087e+02	 
	414	 8.212560e-04			 5.932243e+02	 
	416	 8.173077e-04			 5.933394e+02	 
	418	 8.133971e-04			 5.934531e+02	 
	420	 8.095238e-04			 5.935719e+02	 
	422	 8.056872e-04			 6.068682e+02	 
	424	 8.018868e-04			 6.206591e+02	 
	426	 8.450704e-04			 6.343170e+02	 
	428	 8.411215e-04			 6.477154e+02	 
	430	 8.372093e-04			 6.478293e+02	 
	432	 8.796296e-04			 6.616479e+02	 
	434	 8.755760e-04			 6.750149e+02	 
	436	 8.715596e-04			 6.751333e+02	 
	438	 8.675799e-04			 6.752518e+02	 
	440	 8.636364e-04			 7.029700e+02	 
	442	 8.597285e-04			 7.030844e+02	 
	444	 8.558559e-04			 7.168563e+02	 
	446	 8.520179e-04			 7.438631e+02	 
	448	 8.482143e-04			 7.439762e+02	 
	450	 8.444444e-04			 7.440921e+02	 
	452	 8.407080e-04			 7.442138e+02	 
	454	 8.370044e-04			 7.443362e+02	 
	456	 8.333333e-04			 7.582215e+02	 
	458	 8.296943e-04			 7.718849e+02	 
	460	 8.260870e-04			 7.720005e+02	 
	462	 8.658009e-04			 7.857276e+02	 
	464	 8.620690e-04			 7.858521e+02	 
	466	 9.012876e-04			 7.997593e+02	 
	468	 8.974359e-04			 8.133081e+02	 
	470	 8.936170e-04			 8.134302e+02	 
	472	 8.898305e-04			 8.135544e+02	 
	474	 9.282700e-04			 8.410451e+02	 
	476	 9.243697e-04			 8.411576e+02	 
	478	 9.205021e-04			 8.551066e+02	 
	480	 9.166667e-04			 8.686996e+02	 
	482	 9.128631e-04			 8.955640e+02	 
	484	 9.090909e-04			 8.956779e+02	 
	486	 9.053498e-04			 9.104081e+02	 
	488	 9.016393e-04			 9.244216e+02	 
	490	 8.979592e-04			 9.245395e+02	 
	492	 9.349593e-04			 9.389300e+02	 
	494	 9.311741e-04			 9.537028e+02	 
	496	 9.274194e-04			 9.667372e+02	 
	498	 9.638554e-04			 9.808249e+02	 
	500	 9.600000e-04			 9.809402e+02	 
	502	 9.561753e-04			 9.810673e+02	 
	504	 9.523810e-04			 9.954936e+02	 
	506	 9.486166e-04			 9.956166e+02	 
	508	 9.448819e-04			 9.957443e+02	 
	510	 9.411765e-04			 9.958617e+02	 
	512	 9.765625e-04			 1.008661e+03	 
	514	 9.727626e-04			 1.036070e+03	 
	516	 9.689922e-04			 1.050476e+03	 
	518	 9.652510e-04			 1.078475e+03	 
	520	 9.615385e-04			 1.078634e+03	 
	522	 9.578544e-04			 1.093697e+03	 
	524	 9.541985e-04			 1.107669e+03	 
	526	 9.505703e-04			 1.107827e+03	 
	528	 9.469697e-04			 1.107987e+03	 
	530	 9.433962e-04			 1.108146e+03	 
	532	 9.398496e-04			 1.122364e+03	 
	534	 9.737828e-04			 1.136735e+03	 
	536	 9.701493e-04			 1.151171e+03	 
	538	 9.665428e-04			 1.165699e+03	 
	540	 1.000000e-03			 1.180165e+03	 
	542	 9.963100e-04			 1.194128e+03	 
	544	 9.926471e-04			 1.194293e+03	 
	546	 1.025641e-03			 1.209123e+03	 
	548	 1.058394e-03			 1.223618e+03	 
	550	 1.054545e-03			 1.223775e+03	 
	552	 1.050725e-03			 1.223936e+03	 
	554	 1.046931e-03			 1.253409e+03	 
	556	 1.043165e-03			 1.267280e+03	 
	558	 1.039427e-03			 1.267438e+03	 
	560	 1.035714e-03			 1.281555e+03	 
	562	 1.032028e-03			 1.281734e+03	 
	564	 1.028369e-03			 1.281916e+03	 
	566	 1.024735e-03			 1.296529e+03	 
	568	 1.021127e-03			 1.311807e+03	 
	570	 1.017544e-03			 1.325933e+03	 
	572	 1.013986e-03			 1.326090e+03	 
	574	 1.010453e-03			 1.341358e+03	 
	576	 1.006944e-03			 1.341514e+03	 
	578	 1.038062e-03			 1.369151e+03	 
	580	 1.034483e-03			 1.369310e+03	 
	582	 1.030928e-03			 1.369471e+03	 
	584	 1.027397e-03			 1.397591e+03	 
	586	 1.058020e-03			 1.412682e+03	 
	588	 1.088435e-03			 1.440525e+03	 
	590	 1.084746e-03			 1.454602e+03	 
	592	 1.081081e-03			 1.454765e+03	 
	594	 1.077441e-03			 1.468627e+03	 
	596	 1.107383e-03			 1.495375e+03	 
	598	 1.137124e-03			 1.510544e+03	 
	600	 1.133333e-03			 1.510709e+03	 
	602	 1.129568e-03			 1.524798e+03	 
	604	 1.125828e-03			 1.524978e+03	 
	606	 1.122112e-03			 1.555469e+03	 
	608	 1.118421e-03			 1.570570e+03	 
	610	 1.114754e-03			 1.585392e+03	 
	612	 1.111111e-03			 1.585570e+03	 
	614	 1.107492e-03			 1.601050e+03	 
	616	 1.103896e-03			 1.601231e+03	 
	618	 1.100324e-03			 1.616410e+03	 
	620	 1.096774e-03			 1.630632e+03	 
	622	 1.093248e-03			 1.646188e+03	 
	624	 1.089744e-03			 1.646365e+03	 
	626	 1.118211e-03			 1.661758e+03	 
	628	 1.114650e-03			 1.677798e+03	 
	630	 1.111111e-03			 1.677971e+03	 
	632	 1.107595e-03			 1.678150e+03	 
	634	 1.104101e-03			 1.693759e+03	 
	636	 1.100629e-03			 1.693946e+03	 
	638	 1.097179e-03			 1.708666e+03	 
	640	 1.093750e-03			 1.723355e+03	 
	642	 1.090343e-03			 1.723523e+03	 
	644	 1.086957e-03			 1.736498e+03	 
	646	 1.083591e-03			 1.736664e+03	 
	648	 1.080247e-03			 1.751624e+03	 
	650	 1.076923e-03			 1.779954e+03	 
	652	 1.073620e-03			 1.792963e+03	 
	654	 1.100917e-03			 1.822336e+03	 
	656	 1.097561e-03			 1.836477e+03	 
	658	 1.124620e-03			 1.851698e+03	 
	660	 1.121212e-03			 1.851868e+03	 
	662	 1.117825e-03			 1.865867e+03	 
	664	 1.114458e-03			 1.881025e+03	 
	666	 1.111111e-03			 1.881190e+03	 
	668	 1.107784e-03			 1.881360e+03	 
	670	 1.104478e-03			 1.881531e+03	 
	672	 1.101190e-03			 1.881709e+03	 
	674	 1.097923e-03			 1.881885e+03	 
	676	 1.094675e-03			 1.896178e+03	 
	678	 1.091445e-03			 1.909932e+03	 
	680	 1.088235e-03			 1.923931e+03	 
	682	 1.085044e-03			 1.924100e+03	 
	684	 1.081871e-03			 1.924267e+03	 
	686	 1.078717e-03			 1.924436e+03	 
	688	 1.075581e-03			 1.924607e+03	 
	690	 1.072464e-03			 1.939535e+03	 
	692	 1.069364e-03			 1.939703e+03	 
	694	 1.066282e-03			 1.953946e+03	 
	696	 1.063218e-03			 1.954123e+03	 
	698	 1.060172e-03			 1.954309e+03	 
	700	 1.057143e-03			 1.954523e+03	 
	702	 1.054131e-03			 1.954725e+03	 
	704	 1.051136e-03			 1.954910e+03	 
	706	 1.048159e-03			 1.970039e+03	 
	708	 1.045198e-03			 1.983186e+03	 
	710	 1.042254e-03			 1.983356e+03	 
	712	 1.039326e-03			 1.983528e+03	 
	714	 1.036415e-03			 1.983700e+03	 
	716	 1.033520e-03			 1.983874e+03	 
	718	 1.030641e-03			 1.984044e+03	 
	720	 1.027778e-03			 1.998236e+03	 
	722	 1.024931e-03			 1.998415e+03	 
	724	 1.022099e-03			 1.998590e+03	 
	726	 1.019284e-03			 2.013403e+03	 
	728	 1.016484e-03			 2.041602e+03	 
	730	 1.013699e-03			 2.070252e+03	 
	732	 1.038251e-03			 2.083321e+03	 
	734	 1.062670e-03			 2.098335e+03	 
	736	 1.059783e-03			 2.112304e+03	 
	738	 1.056911e-03			 2.112472e+03	 
	740	 1.054054e-03			 2.127280e+03	 
	742	 1.051213e-03			 2.127452e+03	 
	744	 1.075269e-03			 2.140573e+03	 
	746	 1.072386e-03			 2.140746e+03	 
	748	 1.069519e-03			 2.171333e+03	 
	750	 1.066667e-03			 2.184535e+03	 
	752	 1.063830e-03			 2.184704e+03	 
	754	 1.061008e-03			 2.199251e+03	 
	756	 1.058201e-03			 2.199420e+03	 
	758	 1.055409e-03			 2.199585e+03	 
	760	 1.052632e-03			 2.199754e+03	 
	762	 1.049869e-03			 2.213327e+03	 
	764	 1.047120e-03			 2.213501e+03	 
	766	 1.044386e-03			 2.213684e+03	 
	768	 1.041667e-03			 2.227862e+03	 
	770	 1.038961e-03			 2.242612e+03	 
	772	 1.062176e-03			 2.255572e+03	 
	774	 1.059432e-03			 2.255742e+03	 
	776	 1.056701e-03			 2.255912e+03	 
	778	 1.053985e-03			 2.256082e+03	 
	780	 1.051282e-03			 2.270698e+03	 
	782	 1.048593e-03			 2.270881e+03	 
	784	 1.045918e-03			 2.284726e+03	 
	786	 1.043257e-03			 2.299297e+03	 
	788	 1.040609e-03			 2.299468e+03	 
	790	 1.037975e-03			 2.299636e+03	 
	792	 1.035354e-03			 2.299803e+03	 
	794	 1.032746e-03			 2.299971e+03	 
	796	 1.030151e-03			 2.300140e+03	 
	798	 1.052632e-03			 2.314968e+03	 
	800	 1.050000e-03			 2.330500e+03	 
	802	 1.047382e-03			 2.330669e+03	 
	804	 1.044776e-03			 2.343897e+03	 
	806	 1.042184e-03			 2.344069e+03	 
	808	 1.039604e-03			 2.344237e+03	 
	810	 1.037037e-03			 2.344407e+03	 
	812	 1.034483e-03			 2.344575e+03	 
	814	 1.031941e-03			 2.344744e+03	 
	816	 1.029412e-03			 2.344913e+03	 
	818	 1.051345e-03			 2.357956e+03	 
	820	 1.048780e-03			 2.358127e+03	 
	822	 1.046229e-03			 2.358310e+03	 
	824	 1.043689e-03			 2.371748e+03	 
	826	 1.041162e-03			 2.371936e+03	 
	828	 1.038647e-03			 2.386397e+03	 
	830	 1.060241e-03			 2.401929e+03	 
	832	 1.057692e-03			 2.402100e+03	 
	834	 1.055156e-03			 2.402275e+03	 
	836	 1.052632e-03			 2.417479e+03	 
	838	 1.050119e-03			 2.417649e+03	 
	840	 1.047619e-03			 2.431712e+03	 
	842	 1.045131e-03			 2.431889e+03	 
	844	 1.042654e-03			 2.446651e+03	 
	846	 1.040189e-03			 2.461179e+03	 
	848	 1.037736e-03			 2.461347e+03	 
	850	 1.035294e-03			 2.461521e+03	 
	852	 1.032864e-03			 2.461692e+03	 
	854	 1.030445e-03			 2.461866e+03	 
	856	 1.028037e-03			 2.462036e+03	 
	858	 1.025641e-03			 2.462207e+03	 
	860	 1.023256e-03			 2.462379e+03	 
	862	 1.020882e-03			 2.462552e+03	 
	864	 1.018519e-03			 2.462723e+03	 
	866	 1.039261e-03			 2.477838e+03	 
	868	 1.036866e-03			 2.478014e+03	 
	870	 1.034483e-03			 2.478190e+03	 
	872	 1.032110e-03			 2.478366e+03	 
	874	 1.029748e-03			 2.478539e+03	 
	876	 1.027397e-03			 2.478714e+03	 
	878	 1.047836e-03			 2.492548e+03	 
	880	 1.045455e-03			 2.520696e+03	 
	882	 1.043084e-03			 2.520867e+03	 
	884	 1.040724e-03			 2.534283e+03	 
	886	 1.060948e-03			 2.548402e+03	 
	888	 1.081081e-03			 2.577570e+03	 
	890	 1.078652e-03			 2.577739e+03	 
	892	 1.076233e-03			 2.577914e+03	 
	894	 1.073826e-03			 2.578089e+03	 
	896	 1.071429e-03			 2.592047e+03	 
	898	 1.069042e-03			 2.592241e+03	 
	900	 1.088889e-03			 2.622760e+03	 
	902	 1.086475e-03			 2.638744e+03	 
	904	 1.106195e-03			 2.652751e+03	 
	906	 1.103753e-03			 2.652924e+03	 
	908	 1.101322e-03			 2.653096e+03	 
	910	 1.120879e-03			 2.682494e+03	 
	912	 1.118421e-03			 2.696423e+03	 
	914	 1.115974e-03			 2.696593e+03	 
	916	 1.135371e-03			 2.710630e+03	 
	918	 1.154684e-03			 2.738892e+03	 
	920	 1.152174e-03			 2.739061e+03	 
	922	 1.149675e-03			 2.753144e+03	 
	924	 1.147186e-03			 2.767617e+03	 
	926	 1.187905e-03			 2.796630e+03	 
	928	 1.185345e-03			 2.810661e+03	 
	930	 1.182796e-03			 2.838746e+03	 
	932	 1.180258e-03			 2.865569e+03	 
	934	 1.177730e-03			 2.865748e+03	 
	936	 1.175214e-03			 2.895026e+03	 
	938	 1.172708e-03			 2.895203e+03	 
	940	 1.170213e-03			 2.895378e+03	 
	942	 1.167728e-03			 2.895560e+03	 
	944	 1.165254e-03			 2.909588e+03	 
	946	 1.162791e-03			 2.909769e+03	 
	948	 1.160338e-03			 2.924060e+03	 
	950	 1.178947e-03			 2.938005e+03	 
	952	 1.197479e-03			 2.980645e+03	 
	954	 1.194969e-03			 2.980822e+03	 
	956	 1.192469e-03			 2.981002e+03	 
	958	 1.189979e-03			 2.981179e+03	 
	960	 1.187500e-03			 2.981361e+03	 
	962	 1.185031e-03			 2.981542e+03	 
	964	 1.182573e-03			 2.981742e+03	 
	966	 1.180124e-03			 2.981961e+03	 
	968	 1.177686e-03			 2.996198e+03	 
	970	 1.175258e-03			 2.996377e+03	 
	972	 1.172840e-03			 2.996550e+03	 
	974	 1.170431e-03			 3.024187e+03	 
	976	 1.168033e-03			 3.038723e+03	 
	978	 1.165644e-03			 3.038901e+03	 
	980	 1.163265e-03			 3.053086e+03	 
	982	 1.160896e-03			 3.053276e+03	 
	984	 1.178862e-03			 3.067056e+03	 
	986	 1.196755e-03			 3.094849e+03	 
	988	 1.214575e-03			 3.123306e+03	 
	990	 1.212121e-03			 3.137763e+03	 
	992	 1.209677e-03			 3.167049e+03	 
	994	 1.207243e-03			 3.167228e+03	 
	996	 1.224900e-03			 3.181153e+03	 
	998	 1.222445e-03			 3.181330e+03	 
	1000	 1.240000e-03			 3.208490e+03	 
	1002	 1.257485e-03			 3.222133e+03	 
	1004	 1.254980e-03			 3.222306e+03	 
	1006	 1.252485e-03			 3.236423e+03	 
	1008	 1.269841e-03			 3.250695e+03	 
	1010	 1.267327e-03			 3.250875e+03	 
	1012	 1.284585e-03			 3.264383e+03	 
	1014	 1.282051e-03			 3.277746e+03	 
	1016	 1.299213e-03			 3.305829e+03	 
	1018	 1.296660e-03			 3.306043e+03	 
	1020	 1.313725e-03			 3.319731e+03	 
	1022	 1.350294e-03			 3.348496e+03	 
	1024	 1.367187e-03			 3.364165e+03	 
	1026	 1.364522e-03			 3.364426e+03	 
	1028	 1.361868e-03			 3.405978e+03	 
	1030	 1.359223e-03			 3.420229e+03	 
	1032	 1.375969e-03			 3.448329e+03	 
	1034	 1.373308e-03			 3.488746e+03	 
	1036	 1.409266e-03			 3.517391e+03	 
	1038	 1.406551e-03			 3.544326e+03	 
	1040	 1.442308e-03			 3.585629e+03	 
	1042	 1.477927e-03			 3.614196e+03	 
	1044	 1.475096e-03			 3.614454e+03	 
	1046	 1.472275e-03			 3.654642e+03	 
	1048	 1.469466e-03			 3.654888e+03	 
	1050	 1.466667e-03			 3.709549e+03	 
	1052	 1.463878e-03			 3.723357e+03	 
	1054	 1.480076e-03			 3.752380e+03	 
	1056	 1.477273e-03			 3.765911e+03	 
	1058	 1.474480e-03			 3.779729e+03	 
	1060	 1.471698e-03			 3.807486e+03	 
	1062	 1.468927e-03			 3.848569e+03	 
	1064	 1.484962e-03			 3.862521e+03	 
	1066	 1.482176e-03			 3.890768e+03	 
	1068	 1.498127e-03			 3.905058e+03	 
	1070	 1.495327e-03			 3.919125e+03	 
	1072	 1.492537e-03			 3.933046e+03	 
	1074	 1.527002e-03			 3.961867e+03	 
	1076	 1.524164e-03			 3.975996e+03	 
	1078	 1.539889e-03			 4.004767e+03	 
	1080	 1.537037e-03			 4.033468e+03	 
	1082	 1.552680e-03			 4.047562e+03	 
	1084	 1.549815e-03			 4.075676e+03	 
	1086	 1.565378e-03			 4.090993e+03	 
	1088	 1.599265e-03			 4.134292e+03	 
	1090	 1.596330e-03			 4.162400e+03	 
	1092	 1.593407e-03			 4.190019e+03	 
	1094	 1.590494e-03			 4.218483e+03	 
	1096	 1.605839e-03			 4.260422e+03	 
	1098	 1.602914e-03			 4.274475e+03	 
	1100	 1.600000e-03			 4.288625e+03	 
	1102	 1.597096e-03			 4.316455e+03	 
	1104	 1.594203e-03			 4.331026e+03	 
	1106	 1.591320e-03			 4.346050e+03	 
	1108	 1.588448e-03			 4.373531e+03	 
	1110	 1.585586e-03			 4.388880e+03	 
	1112	 1.582734e-03			 4.431822e+03	 
	1114	 1.579892e-03			 4.463008e+03	 
	1116	 1.577061e-03			 4.478236e+03	 
	1118	 1.574240e-03			 4.509202e+03	 
	1120	 1.571429e-03			 4.539248e+03	 
	1122	 1.568627e-03			 4.569529e+03	 
	1124	 1.565836e-03			 4.625480e+03	 
	1126	 1.598579e-03			 4.655448e+03	 
	1128	 1.613475e-03			 4.686083e+03	 
	1130	 1.610619e-03			 4.715462e+03	 
	1132	 1.643110e-03			 4.761624e+03	 
	1134	 1.657848e-03			 4.823829e+03	 
	1136	 1.654930e-03			 4.853038e+03	 
	1138	 1.652021e-03			 4.868388e+03	 
	1140	 1.649123e-03			 4.903507e+03	 
	1142	 1.646235e-03			 4.932226e+03	 
	1144	 1.660839e-03			 4.960177e+03	 
	1146	 1.657941e-03			 4.988156e+03	 
	1148	 1.672474e-03			 5.016520e+03	 
	1150	 1.704348e-03			 5.075377e+03	 
	1152	 1.701389e-03			 5.119408e+03	 
	1154	 1.698440e-03			 5.148584e+03	 
	1156	 1.712803e-03			 5.163222e+03	 
	1158	 1.709845e-03			 5.194077e+03	 
	1160	 1.706897e-03			 5.222388e+03	 
	1162	 1.703959e-03			 5.237252e+03	 
	1164	 1.701031e-03			 5.280769e+03	 
	1166	 1.732419e-03			 5.322318e+03	 
	1168	 1.729452e-03			 5.349941e+03	 
	1170	 1.726496e-03			 5.406054e+03	 
	1172	 1.723549e-03			 5.450516e+03	 
	1174	 1.737649e-03			 5.479997e+03	 
	1176	 1.734694e-03			 5.536883e+03	 
	1178	 1.731749e-03			 5.566410e+03	 
	1180	 1.745763e-03			 5.581548e+03	 
	1182	 1.742809e-03			 5.594772e+03	 
	1184	 1.739865e-03			 5.624520e+03	 
	1186	 1.736931e-03			 5.639694e+03	 
	1188	 1.734007e-03			 5.684446e+03	 
	1190	 1.731092e-03			 5.698513e+03	 
	1192	 1.728188e-03			 5.713636e+03	 
	1194	 1.742044e-03			 5.756347e+03	 
	1196	 1.739130e-03			 5.784555e+03	 
	1198	 1.736227e-03			 5.799226e+03	 
	1200	 1.733333e-03			 5.842502e+03	 
	1202	 1.730449e-03			 5.871605e+03	 
	1204	 1.727575e-03			 5.899225e+03	 
	1206	 1.724710e-03			 5.927506e+03	 
	1208	 1.721854e-03			 5.942137e+03	 
	1210	 1.719008e-03			 5.999928e+03	 
	1212	 1.749175e-03			 6.044188e+03	 
	1214	 1.746293e-03			 6.059476e+03	 
	1216	 1.743421e-03			 6.089141e+03	 
	1218	 1.740558e-03			 6.133276e+03	 
	1220	 1.737705e-03			 6.162843e+03	 
	1222	 1.751227e-03			 6.206517e+03	 
	1224	 1.764706e-03			 6.249503e+03	 
	1226	 1.778140e-03			 6.295142e+03	 
	1228	 1.775244e-03			 6.310251e+03	 
	1230	 1.772358e-03			 6.326658e+03	 
	1232	 1.769481e-03			 6.341737e+03	 
	1234	 1.766613e-03			 6.385960e+03	 
	1236	 1.763754e-03			 6.431097e+03	 
	1238	 1.777060e-03			 6.460215e+03	 
	1240	 1.774194e-03			 6.490843e+03	 
	1242	 1.771337e-03			 6.520012e+03	 
	1244	 1.768489e-03			 6.562990e+03	 
	1246	 1.765650e-03			 6.593054e+03	 
	1248	 1.762821e-03			 6.607512e+03	 
	1250	 1.760000e-03			 6.622913e+03	 
	1252	 1.773163e-03			 6.652290e+03	 
	1254	 1.786284e-03			 6.695951e+03	 
	1256	 1.783439e-03			 6.725321e+03	 
	1258	 1.780604e-03			 6.768297e+03	 
	1260	 1.777778e-03			 6.796227e+03	 
	1262	 1.790808e-03			 6.853322e+03	 
	1264	 1.787975e-03			 6.867605e+03	 
	1266	 1.785150e-03			 6.907882e+03	 
	1268	 1.782334e-03			 6.908144e+03	 
	1270	 1.779528e-03			 6.949105e+03	 
	1272	 1.776730e-03			 6.990309e+03	 
	1274	 1.789639e-03			 7.032428e+03	 
	1276	 1.786834e-03			 7.032687e+03	 
	1278	 1.799687e-03			 7.061146e+03	 
	1280	 1.796875e-03			 7.090398e+03	 
	1282	 1.794072e-03			 7.119036e+03	 
	1284	 1.791277e-03			 7.147262e+03	 
	1286	 1.788491e-03			 7.203716e+03	 
	1288	 1.785714e-03			 7.245667e+03	 
	1290	 1.782946e-03			 7.273858e+03	 
	1292	 1.795666e-03			 7.301237e+03	 
	1294	 1.808346e-03			 7.329203e+03	 
	1296	 1.805556e-03			 7.385286e+03	 
	1298	 1.802773e-03			 7.399657e+03	 
	1300	 1.815385e-03			 7.428150e+03	 
	1302	 1.812596e-03			 7.442197e+03	 
	1304	 1.825153e-03			 7.484236e+03	 
	1306	 1.837672e-03			 7.498840e+03	 
	1308	 1.850153e-03			 7.526975e+03	 
	1310	 1.862595e-03			 7.568870e+03	 
	1312	 1.875000e-03			 7.583779e+03	 
	1314	 1.872146e-03			 7.625019e+03	 
	1316	 1.899696e-03			 7.642153e+03	 
	1318	 1.896813e-03			 7.684747e+03	 
	1320	 1.893939e-03			 7.712318e+03	 
	1322	 1.906203e-03			 7.754215e+03	 
	1324	 1.903323e-03			 7.769051e+03	 
	1326	 1.915535e-03			 7.824699e+03	 
	1328	 1.942771e-03			 7.866128e+03	 
	1330	 1.939850e-03			 7.894164e+03	 
	1332	 1.936937e-03			 7.936466e+03	 
	1334	 1.949025e-03			 7.992554e+03	 
	1336	 1.946108e-03			 8.020263e+03	 
	1338	 1.943199e-03			 8.047971e+03	 
	1340	 1.940299e-03			 8.090949e+03	 
	1342	 1.952310e-03			 8.147727e+03	 
	1344	 1.949405e-03			 8.176072e+03	 
	1346	 1.961367e-03			 8.217011e+03	 
	1348	 1.958457e-03			 8.258674e+03	 
	1350	 1.955556e-03			 8.286640e+03	 
	1352	 1.952663e-03			 8.328828e+03	 
	1354	 1.949778e-03			 8.329097e+03	 
	1356	 1.946903e-03			 8.371041e+03	 
	1358	 1.973490e-03			 8.413760e+03	 
	1360	 1.970588e-03			 8.443335e+03	 
	1362	 1.982379e-03			 8.484478e+03	 
	1364	 1.994135e-03			 8.526827e+03	 
	1366	 2.005857e-03			 8.569616e+03	 
	1368	 2.017544e-03			 8.610875e+03	 
	1370	 2.014599e-03			 8.667068e+03	 
	1372	 2.011662e-03			 8.694639e+03	 
	1374	 2.008734e-03			 8.738009e+03	 
	1376	 2.020349e-03			 8.766277e+03	 
	1378	 2.017417e-03			 8.807256e+03	 
	1380	 2.014493e-03			 8.835775e+03	 
	1382	 2.011577e-03			 8.849686e+03	 
	1384	 2.008671e-03			 8.864869e+03	 
	1386	 2.005772e-03			 8.892524e+03	 
	1388	 2.002882e-03			 8.921879e+03	 
	1390	 2.000000e-03			 8.963346e+03	 
	1392	 1.997126e-03			 9.005070e+03	 
	1394	 2.008608e-03			 9.047885e+03	 
	1396	 2.005731e-03			 9.089142e+03	 
	1398	 2.002861e-03			 9.131986e+03	 
	1400	 2.000000e-03			 9.159675e+03	 
	1402	 1.997147e-03			 9.216400e+03	 
	1404	 2.008547e-03			 9.258230e+03	 
	1406	 2.005690e-03			 9.272508e+03	 
	1408	 2.002841e-03			 9.301823e+03	 
	1410	 2.000000e-03			 9.315496e+03	 
	1412	 1.997167e-03			 9.357572e+03	 
	1414	 1.994342e-03			 9.371568e+03	 
	1416	 1.991525e-03			 9.414031e+03	 
	1418	 1.988717e-03			 9.442005e+03	 
	1420	 1.985915e-03			 9.456073e+03	 
	1422	 1.997187e-03			 9.498380e+03	 
	1424	 2.008427e-03			 9.542561e+03	 
	1426	 2.019635e-03			 9.584358e+03	 
	1428	 2.030812e-03			 9.613073e+03	 
	1430	 2.055944e-03			 9.655449e+03	 
	1432	 2.053073e-03			 9.696770e+03	 
	1434	 2.050209e-03			 9.738777e+03	 
	1436	 2.061281e-03			 9.767055e+03	 
	1438	 2.058414e-03			 9.821772e+03	 
	1440	 2.055556e-03			 9.878279e+03	 
	1442	 2.052705e-03			 9.905285e+03	 
	1444	 2.049861e-03			 9.933056e+03	 
	1446	 2.047026e-03			 9.989158e+03	 
	1448	 2.044199e-03			 1.003164e+04	 
	1450	 2.041379e-03			 1.007381e+04	 
	1452	 2.052342e-03			 1.010063e+04	 
	1454	 2.077029e-03			 1.014427e+04	 
	1456	 2.074176e-03			 1.018796e+04	 
	1458	 2.071331e-03			 1.018823e+04	 
	1460	 2.109589e-03			 1.023175e+04	 
	1462	 2.106703e-03			 1.027340e+04	 
	1464	 2.103825e-03			 1.030113e+04	 
	1466	 2.100955e-03			 1.031501e+04	 
	1468	 2.111717e-03			 1.034315e+04	 
	1470	 2.122449e-03			 1.038529e+04	 
	1472	 2.133152e-03			 1.044496e+04	 
	1474	 2.130258e-03			 1.050106e+04	 
	1476	 2.127371e-03			 1.051521e+04	 
	1478	 2.124493e-03			 1.051549e+04	 
	1480	 2.121622e-03			 1.053041e+04	 
	1482	 2.118758e-03			 1.057295e+04	 
	1484	 2.115903e-03			 1.060011e+04	 
	1486	 2.113055e-03			 1.064220e+04	 
	1488	 2.110215e-03			 1.067086e+04	 
	1490	 2.107383e-03			 1.071211e+04	 
	1492	 2.104558e-03			 1.075265e+04	 
	1494	 2.101740e-03			 1.079610e+04	 
	1496	 2.112299e-03			 1.084996e+04	 
	1498	 2.109479e-03			 1.089120e+04	 
	1500	 2.106667e-03			 1.093398e+04	 
	1502	 2.103862e-03			 1.096321e+04	 
	1504	 2.114362e-03			 1.099197e+04	 
	1506	 2.111554e-03			 1.102068e+04	 
	1508	 2.108753e-03			 1.103472e+04	 
	1510	 2.105960e-03			 1.107654e+04	 
	1512	 2.116402e-03			 1.111780e+04	 
	1514	 2.113606e-03			 1.113180e+04	 
	1516	 2.110818e-03			 1.118908e+04	 
	1518	 2.108037e-03			 1.121781e+04	 
	1520	 2.105263e-03			 1.123259e+04	 
	1522	 2.102497e-03			 1.127465e+04	 
	1524	 2.099738e-03			 1.131697e+04	 
	1526	 2.110092e-03			 1.137388e+04	 
	1528	 2.107330e-03			 1.141645e+04	 
	1530	 2.104575e-03			 1.143046e+04	 
	1532	 2.101828e-03			 1.145846e+04	 
	1534	 2.099087e-03			 1.148621e+04	 
	1536	 2.096354e-03			 1.151424e+04	 
	1538	 2.093628e-03			 1.152946e+04	 
	1540	 2.090909e-03			 1.158586e+04	 
	1542	 2.088197e-03			 1.162816e+04	 
	1544	 2.098446e-03			 1.165573e+04	 
	1546	 2.095731e-03			 1.167060e+04	 
	1548	 2.093023e-03			 1.171178e+04	 
	1550	 2.090323e-03			 1.174096e+04	 
	1552	 2.087629e-03			 1.178254e+04	 
	1554	 2.097812e-03			 1.182426e+04	 
	1556	 2.095116e-03			 1.183863e+04	 
	1558	 2.092426e-03			 1.186629e+04	 
	1560	 2.089744e-03			 1.189488e+04	 
	1562	 2.087068e-03			 1.192272e+04	 
	1564	 2.084399e-03			 1.195096e+04	 
	1566	 2.081737e-03			 1.197825e+04	 
	1568	 2.079082e-03			 1.200580e+04	 
	1570	 2.076433e-03			 1.201986e+04	 
	1572	 2.073791e-03			 1.206148e+04	 
	1574	 2.071156e-03			 1.209016e+04	 
	1576	 2.081218e-03			 1.213259e+04	 
	1578	 2.078580e-03			 1.215992e+04	 
	1580	 2.088608e-03			 1.221430e+04	 
	1582	 2.085967e-03			 1.222847e+04	 
	1584	 2.083333e-03			 1.224214e+04	 
	1586	 2.080706e-03			 1.228464e+04	 
	1588	 2.078086e-03			 1.232783e+04	 
	1590	 2.075472e-03			 1.235586e+04	 
	1592	 2.072864e-03			 1.238505e+04	 
	1594	 2.070263e-03			 1.239901e+04	 
	1596	 2.067669e-03			 1.245630e+04	 
	1598	 2.077597e-03			 1.250035e+04	 
	1600	 2.075000e-03			 1.254176e+04	 
	1602	 2.072409e-03			 1.255690e+04	 
	1604	 2.082294e-03			 1.261289e+04	 
	1606	 2.092154e-03			 1.265502e+04	 
	1608	 2.089552e-03			 1.268291e+04	 
	1610	 2.086957e-03			 1.269755e+04	 
	1612	 2.096774e-03			 1.274093e+04	 
	1614	 2.094176e-03			 1.277016e+04	 
	1616	 2.091584e-03			 1.282527e+04	 
	1618	 2.101360e-03			 1.286735e+04	 
	1620	 2.098765e-03			 1.289547e+04	 
	1622	 2.096178e-03			 1.295098e+04	 
	1624	 2.093596e-03			 1.299170e+04	 
	1626	 2.091021e-03			 1.301973e+04	 
	1628	 2.088452e-03			 1.304771e+04	 
	1630	 2.098160e-03			 1.309019e+04	 
	1632	 2.095588e-03			 1.310422e+04	 
	1634	 2.093023e-03			 1.313248e+04	 
	1636	 2.090465e-03			 1.317613e+04	 
	1638	 2.087912e-03			 1.320267e+04	 
	1640	 2.097561e-03			 1.324435e+04	 
	1642	 2.095006e-03			 1.329946e+04	 
	1644	 2.092457e-03			 1.331410e+04	 
	1646	 2.089915e-03			 1.334251e+04	 
	1648	 2.099515e-03			 1.341230e+04	 
	1650	 2.096970e-03			 1.346844e+04	 
	1652	 2.106538e-03			 1.348240e+04	 
	1654	 2.103990e-03			 1.351024e+04	 
	1656	 2.101449e-03			 1.354055e+04	 
	1658	 2.098914e-03			 1.356916e+04	 
	1660	 2.096386e-03			 1.358310e+04	 
	1662	 2.093863e-03			 1.363881e+04	 
	1664	 2.091346e-03			 1.366712e+04	 
	1666	 2.088836e-03			 1.370822e+04	 
	1668	 2.098321e-03			 1.375083e+04	 
	1670	 2.095808e-03			 1.376599e+04	 
	1672	 2.105263e-03			 1.382227e+04	 
	1674	 2.102748e-03			 1.385024e+04	 
	1676	 2.100239e-03			 1.389258e+04	 
	1678	 2.121573e-03			 1.396360e+04	 
	1680	 2.119048e-03			 1.400616e+04	 
	1682	 2.116528e-03			 1.402039e+04	 
	1684	 2.114014e-03			 1.406184e+04	 
	1686	 2.111507e-03			 1.410341e+04	 
	1688	 2.132701e-03			 1.414594e+04	 
	1690	 2.142012e-03			 1.418753e+04	 
	1692	 2.139480e-03			 1.421473e+04	 
	1694	 2.136954e-03			 1.423063e+04	 
	1696	 2.134434e-03			 1.428690e+04	 
	1698	 2.143698e-03			 1.434402e+04	 
	1700	 2.152941e-03			 1.440053e+04	 
	1702	 2.162162e-03			 1.444223e+04	 
	1704	 2.159624e-03			 1.447106e+04	 
	1706	 2.157093e-03			 1.447133e+04	 
	1708	 2.154567e-03			 1.451241e+04	 
	1710	 2.163743e-03			 1.452538e+04	 
	1712	 2.161215e-03			 1.453955e+04	 
	1714	 2.158693e-03			 1.459562e+04	 
	1716	 2.167832e-03			 1.463835e+04	 
	1718	 2.165308e-03			 1.466747e+04	 
	1720	 2.162791e-03			 1.471042e+04	 
	1722	 2.160279e-03			 1.475692e+04	 
	1724	 2.157773e-03			 1.478635e+04	 
	1726	 2.166860e-03			 1.484174e+04	 
	1728	 2.187500e-03			 1.488334e+04	 
	1730	 2.184971e-03			 1.491163e+04	 
	1732	 2.182448e-03			 1.493874e+04	 
	1734	 2.179931e-03			 1.495256e+04	 
	1736	 2.188940e-03			 1.500953e+04	 
	1738	 2.197929e-03			 1.505302e+04	 
	1740	 2.218391e-03			 1.511389e+04	 
	1742	 2.227325e-03			 1.514147e+04	 
	1744	 2.236239e-03			 1.518409e+04	 
	1746	 2.233677e-03			 1.521473e+04	 
	1748	 2.231121e-03			 1.524258e+04	 
	1750	 2.228571e-03			 1.528503e+04	 
	1752	 2.237443e-03			 1.532699e+04	 
	1754	 2.234892e-03			 1.535536e+04	 
	1756	 2.232346e-03			 1.538400e+04	 
	1758	 2.229807e-03			 1.541281e+04	 
	1760	 2.227273e-03			 1.544021e+04	 
	1762	 2.224745e-03			 1.548154e+04	 
	1764	 2.222222e-03			 1.548182e+04	 
	1766	 2.231031e-03			 1.551103e+04	 
	1768	 2.239819e-03			 1.555456e+04	 
	1770	 2.259887e-03			 1.560958e+04	 
	1772	 2.268623e-03			 1.565154e+04	 
	1774	 2.266065e-03			 1.569370e+04	 
	1776	 2.263514e-03			 1.574971e+04	 
	1778	 2.272216e-03			 1.581882e+04	 
	1780	 2.269663e-03			 1.586042e+04	 
	1782	 2.267116e-03			 1.590299e+04	 
	1784	 2.264574e-03			 1.594530e+04	 
	1786	 2.262038e-03			 1.597328e+04	 
	1788	 2.270694e-03			 1.600214e+04	 
	1790	 2.279330e-03			 1.604552e+04	 
	1792	 2.299107e-03			 1.610187e+04	 
	1794	 2.307692e-03			 1.614253e+04	 
	1796	 2.305122e-03			 1.617117e+04	 
	1798	 2.302558e-03			 1.618529e+04	 
	1800	 2.300000e-03			 1.624146e+04	 
	1802	 2.297447e-03			 1.628476e+04	 
	1804	 2.305987e-03			 1.632736e+04	 
	1806	 2.303433e-03			 1.635508e+04	 
	1808	 2.323009e-03			 1.641091e+04	 
	1810	 2.320442e-03			 1.646835e+04	 
	1812	 2.317881e-03			 1.652479e+04	 
	1814	 2.326351e-03			 1.658090e+04	 
	1816	 2.323789e-03			 1.662226e+04	 
	1818	 2.332233e-03			 1.665011e+04	 
	1820	 2.329670e-03			 1.670662e+04	 
	1822	 2.327113e-03			 1.674859e+04	 
	1824	 2.324561e-03			 1.680438e+04	 
	1826	 2.332968e-03			 1.684725e+04	 
	1828	 2.341357e-03			 1.688882e+04	 
	1830	 2.338798e-03			 1.693076e+04	 
	1832	 2.336245e-03			 1.698614e+04	 
	1834	 2.333697e-03			 1.702899e+04	 
	1836	 2.331155e-03			 1.707201e+04	 
	1838	 2.328618e-03			 1.709887e+04	 
	1840	 2.326087e-03			 1.714037e+04	 
	1842	 2.323561e-03			 1.719622e+04	 
	1844	 2.331887e-03			 1.722328e+04	 
	1846	 2.329361e-03			 1.726609e+04	 
	1848	 2.348485e-03			 1.731014e+04	 
	1850	 2.345946e-03			 1.732412e+04	 
	1852	 2.343413e-03			 1.733820e+04	 
	1854	 2.340885e-03			 1.736656e+04	 
	1856	 2.338362e-03			 1.743510e+04	 
	1858	 2.346609e-03			 1.747593e+04	 
	1860	 2.354839e-03			 1.751884e+04	 
	1862	 2.363050e-03			 1.757650e+04	 
	1864	 2.360515e-03			 1.761813e+04	 
	1866	 2.357985e-03			 1.767451e+04	 
	1868	 2.366167e-03			 1.771578e+04	 
	1870	 2.363636e-03			 1.775729e+04	 
	1872	 2.371795e-03			 1.778535e+04	 
	1874	 2.369264e-03			 1.781321e+04	 
	1876	 2.366738e-03			 1.784091e+04	 
	1878	 2.364217e-03			 1.788474e+04	 
	1880	 2.372340e-03			 1.794087e+04	 
	1882	 2.391073e-03			 1.799816e+04	 
	1884	 2.399151e-03			 1.804108e+04	 
	1886	 2.407211e-03			 1.809764e+04	 
	1888	 2.404661e-03			 1.814159e+04	 
	1890	 2.402116e-03			 1.816943e+04	 
	1892	 2.399577e-03			 1.821019e+04	 
	1894	 2.397043e-03			 1.826522e+04	 
	1896	 2.394515e-03			 1.830885e+04	 
	1898	 2.391992e-03			 1.835052e+04	 
	1900	 2.400000e-03			 1.836454e+04	 
	1902	 2.397476e-03			 1.837859e+04	 
	1904	 2.405462e-03			 1.841945e+04	 
	1906	 2.413431e-03			 1.847478e+04	 
	1908	 2.410901e-03			 1.852940e+04	 
	1910	 2.408377e-03			 1.854416e+04	 
	1912	 2.405858e-03			 1.857264e+04	 
	1914	 2.413793e-03			 1.862806e+04	 
	1916	 2.411273e-03			 1.868335e+04	 
	1918	 2.408759e-03			 1.874025e+04	 
	1920	 2.406250e-03			 1.879802e+04	 
	1922	 2.403746e-03			 1.885433e+04	 
	1924	 2.411642e-03			 1.889584e+04	 
	1926	 2.409138e-03			 1.895163e+04	 
	1928	 2.406639e-03			 1.900746e+04	 
	1930	 2.414508e-03			 1.906453e+04	 
	1932	 2.412008e-03			 1.907870e+04	 
	1934	 2.409514e-03			 1.910729e+04	 
	1936	 2.407025e-03			 1.915010e+04	 
	1938	 2.414861e-03			 1.920587e+04	 
	1940	 2.412371e-03			 1.926287e+04	 
	1942	 2.420185e-03			 1.930471e+04	 
	1944	 2.427984e-03			 1.936155e+04	 
	1946	 2.425488e-03			 1.938909e+04	 
	1948	 2.422998e-03			 1.942963e+04	 
	1950	 2.420513e-03			 1.946971e+04	 
	1952	 2.418033e-03			 1.951227e+04	 
	1954	 2.415558e-03			 1.955495e+04	 
	1956	 2.423313e-03			 1.961014e+04	 
	1958	 2.431052e-03			 1.963825e+04	 
	1960	 2.438776e-03			 1.966636e+04	 
	1962	 2.436290e-03			 1.972265e+04	 
	1964	 2.433809e-03			 1.976586e+04	 
	1966	 2.431333e-03			 1.979539e+04	 
	1968	 2.428862e-03			 1.982311e+04	 
	1970	 2.426396e-03			 1.982340e+04	 
	1972	 2.423935e-03			 1.986912e+04	 
	1974	 2.421479e-03			 1.988338e+04	 
	1976	 2.429150e-03			 1.993178e+04	 
	1978	 2.426694e-03			 1.999098e+04	 
	1980	 2.424242e-03			 2.004252e+04	 
	1982	 2.421796e-03			 2.008330e+04	 
	1984	 2.439516e-03			 2.014098e+04	 
	1986	 2.447130e-03			 2.016918e+04	 
	1988	 2.444668e-03			 2.019716e+04	 
	1990	 2.442211e-03			 2.023801e+04	 
	1992	 2.439759e-03			 2.025253e+04	 
	1994	 2.437312e-03			 2.028189e+04	 
	1996	 2.444890e-03			 2.032362e+04	 
	1998	 2.442442e-03			 2.037999e+04	 
	2000	 2.440000e-03			 2.042361e+04	 
	2002	 2.437562e-03			 2.043985e+04	 
	2004	 2.445110e-03			 2.049881e+04	 
	2006	 2.442672e-03			 2.054295e+04	 
	2008	 2.440239e-03			 2.058680e+04	 
	2010	 2.437811e-03			 2.061755e+04	 
	2012	 2.435388e-03			 2.066338e+04	 
	2014	 2.432969e-03			 2.069174e+04	 
	2016	 2.440476e-03			 2.073341e+04	 
	2018	 2.438057e-03			 2.074896e+04	 
	2020	 2.445545e-03			 2.079081e+04	 
	2022	 2.443126e-03			 2.084640e+04	 
	2024	 2.440711e-03			 2.090271e+04	 
	2026	 2.438302e-03			 2.094579e+04	 
	2028	 2.435897e-03			 2.097658e+04	 
	2030	 2.433498e-03			 2.102062e+04	 
	2032	 2.431102e-03			 2.105058e+04	 
	2034	 2.438545e-03			 2.107969e+04	 
	2036	 2.436149e-03			 2.110756e+04	 
	2038	 2.433759e-03			 2.115157e+04	 
	2040	 2.431373e-03			 2.119867e+04	 
	2042	 2.428991e-03			 2.124591e+04	 
	2044	 2.436399e-03			 2.129433e+04	 
	2046	 2.443793e-03			 2.135140e+04	 
	2048	 2.451172e-03			 2.140850e+04	 
	2050	 2.458537e-03			 2.147799e+04	 
	2052	 2.465887e-03			 2.152008e+04	 
	2054	 2.463486e-03			 2.157686e+04	 
	2056	 2.461089e-03			 2.163336e+04	 
	2058	 2.468416e-03			 2.167665e+04	 
	2060	 2.475728e-03			 2.173706e+04	 
	2062	 2.473327e-03			 2.179514e+04	 
	2064	 2.470930e-03			 2.183739e+04	 
	2066	 2.468538e-03			 2.188018e+04	 
	2068	 2.466151e-03			 2.190850e+04	 
	2070	 2.473430e-03			 2.196745e+04	 
	2072	 2.471042e-03			 2.203667e+04	 
	2074	 2.478303e-03			 2.207992e+04	 
	2076	 2.475915e-03			 2.215120e+04	 
	2078	 2.483157e-03			 2.219239e+04	 
	2080	 2.490385e-03			 2.224792e+04	 
	2082	 2.497598e-03			 2.228986e+04	 
	2084	 2.495202e-03			 2.234662e+04	 
	2086	 2.492809e-03			 2.239039e+04	 
	2088	 2.490421e-03			 2.243457e+04	 
	2090	 2.488038e-03			 2.247694e+04	 
	2092	 2.485660e-03			 2.250774e+04	 
	2094	 2.492837e-03			 2.257027e+04	 
	2096	 2.490458e-03			 2.263432e+04	 
	2098	 2.488084e-03			 2.269897e+04	 
	2100	 2.485714e-03			 2.271304e+04	 
	2102	 2.483349e-03			 2.277233e+04	 
	2104	 2.480989e-03			 2.280330e+04	 
	2106	 2.488129e-03			 2.283374e+04	 
	2108	 2.485769e-03			 2.286206e+04	 
	2110	 2.483412e-03			 2.292045e+04	 
	2112	 2.481061e-03			 2.296471e+04	 
	2114	 2.478713e-03			 2.300684e+04	 
	2116	 2.476371e-03			 2.306267e+04	 
	2118	 2.474032e-03			 2.311812e+04	 
	2120	 2.481132e-03			 2.317891e+04	 
	2122	 2.478794e-03			 2.322207e+04	 
	2124	 2.476460e-03			 2.326783e+04	 
	2126	 2.492944e-03			 2.332745e+04	 
	2128	 2.490602e-03			 2.337201e+04	 
	2130	 2.488263e-03			 2.341511e+04	 
	2132	 2.485929e-03			 2.347227e+04	 
	2134	 2.483599e-03			 2.351435e+04	 
	2136	 2.481273e-03			 2.355876e+04	 
	2138	 2.478952e-03			 2.357234e+04	 
	2140	 2.476636e-03			 2.362976e+04	 
	2142	 2.474323e-03			 2.370916e+04	 
	2144	 2.472015e-03			 2.374847e+04	 
	2146	 2.469711e-03			 2.383409e+04	 
	2148	 2.476723e-03			 2.390043e+04	 
	2150	 2.474419e-03			 2.397727e+04	 
	2152	 2.472119e-03			 2.402380e+04	 
	2154	 2.469824e-03			 2.406520e+04	 
	2156	 2.467532e-03			 2.413685e+04	 
	2158	 2.465246e-03			 2.420899e+04	 
	2160	 2.462963e-03			 2.423768e+04	 
	2162	 2.460685e-03			 2.431215e+04	 
	2164	 2.458410e-03			 2.436965e+04	 
	2166	 2.456140e-03			 2.441519e+04	 
	2168	 2.463100e-03			 2.447216e+04	 
	2170	 2.460829e-03			 2.451500e+04	 
	2172	 2.458564e-03			 2.457513e+04	 
	2174	 2.456302e-03			 2.461740e+04	 
	2176	 2.463235e-03			 2.467498e+04	 
	2178	 2.470156e-03			 2.473441e+04	 
	2180	 2.477064e-03			 2.477777e+04	 
	2182	 2.474794e-03			 2.480703e+04	 
	2184	 2.472527e-03			 2.486394e+04	 
	2186	 2.470265e-03			 2.492002e+04	 
	2188	 2.468007e-03			 2.495080e+04	 
	2190	 2.465753e-03			 2.502228e+04	 
	2192	 2.463504e-03			 2.506638e+04	 
	2194	 2.461258e-03			 2.512246e+04	 
	2196	 2.459016e-03			 2.517911e+04	 
	2198	 2.456779e-03			 2.525684e+04	 
	2200	 2.472727e-03			 2.531566e+04	 
	2202	 2.488647e-03			 2.537599e+04	 
	2204	 2.495463e-03			 2.542149e+04	 
	2206	 2.502267e-03			 2.549573e+04	 
	2208	 2.509058e-03			 2.555275e+04	 
	2210	 2.524887e-03			 2.562425e+04	 
	2212	 2.531646e-03			 2.569074e+04	 
	2214	 2.538392e-03			 2.576946e+04	 
	2216	 2.536101e-03			 2.583749e+04	 
	2218	 2.533814e-03			 2.588431e+04	 
	2220	 2.549550e-03			 2.596100e+04	 
	2222	 2.547255e-03			 2.604378e+04	 
	2224	 2.544964e-03			 2.607391e+04	 
	2226	 2.551662e-03			 2.610650e+04	 
	2228	 2.549372e-03			 2.616905e+04	 
	2230	 2.547085e-03			 2.621065e+04	 
	2232	 2.544803e-03			 2.624209e+04	 
	2234	 2.542525e-03			 2.627679e+04	 
	2236	 2.540250e-03			 2.634983e+04	 
	2238	 2.537980e-03			 2.639949e+04	 
	2240	 2.544643e-03			 2.646991e+04	 
	2242	 2.542373e-03			 2.648758e+04	 
	2244	 2.549020e-03			 2.654672e+04	 
	2246	 2.555654e-03			 2.657785e+04	 
	2248	 2.571174e-03			 2.664312e+04	 
	2250	 2.577778e-03			 2.670897e+04	 
	2252	 2.584369e-03			 2.677294e+04	 
	2254	 2.590949e-03			 2.684614e+04	 
	2256	 2.597518e-03			 2.691421e+04	 
	2258	 2.595217e-03			 2.697774e+04	 
	2260	 2.592920e-03			 2.703922e+04	 
	2262	 2.608311e-03			 2.712057e+04	 
	2264	 2.614841e-03			 2.716903e+04	 
	2266	 2.639011e-03			 2.725094e+04	 
	2268	 2.645503e-03			 2.732508e+04	 
	2270	 2.651982e-03			 2.739567e+04	 
	2272	 2.649648e-03			 2.747906e+04	 
	2274	 2.647318e-03			 2.754303e+04	 
	2276	 2.653779e-03			 2.761137e+04	 
	2278	 2.660228e-03			 2.766070e+04	 
	2280	 2.657895e-03			 2.772397e+04	 
	2282	 2.664330e-03			 2.779808e+04	 
	2284	 2.670753e-03			 2.784499e+04	 
	2286	 2.677165e-03			 2.790426e+04	 
	2288	 2.674825e-03			 2.795201e+04	 
	2290	 2.672489e-03			 2.799651e+04	 
	2292	 2.678883e-03			 2.805664e+04	 
	2294	 2.676548e-03			 2.810423e+04	 
	2296	 2.682927e-03			 2.816981e+04	 
	2298	 2.689295e-03			 2.823439e+04	 
	2300	 2.686957e-03			 2.828581e+04	 
	2302	 2.684622e-03			 2.835054e+04	 
	2304	 2.690972e-03			 2.841363e+04	 
	2306	 2.697311e-03			 2.844449e+04	 
	2308	 2.694974e-03			 2.848881e+04	 
	2310	 2.692641e-03			 2.854214e+04	 
	2312	 2.690311e-03			 2.862269e+04	 
	2314	 2.696629e-03			 2.865453e+04	 
	2316	 2.711572e-03			 2.875896e+04	 
	2318	 2.709232e-03			 2.880642e+04	 
	2320	 2.706897e-03			 2.887524e+04	 
	2322	 2.704565e-03			 2.894025e+04	 
	2324	 2.702238e-03			 2.901469e+04	 
	2326	 2.717111e-03			 2.908655e+04	 
	2328	 2.714777e-03			 2.911555e+04	 
	2330	 2.712446e-03			 2.916063e+04	 
	2332	 2.718696e-03			 2.922349e+04	 
	2334	 2.724936e-03			 2.929168e+04	 
	2336	 2.731164e-03			 2.935996e+04	 
	2338	 2.728828e-03			 2.941692e+04	 
	2340	 2.726496e-03			 2.947835e+04	 
	2342	 2.724167e-03			 2.953359e+04	 
	2344	 2.738908e-03			 2.959065e+04	 
	2346	 2.745098e-03			 2.965114e+04	 
	2348	 2.742760e-03			 2.967808e+04	 
	2350	 2.740426e-03			 2.972073e+04	 
	2352	 2.746599e-03			 2.977727e+04	 
	2354	 2.744265e-03			 2.983555e+04	 
	2356	 2.741935e-03			 2.989582e+04	 
	2358	 2.748092e-03			 2.994123e+04	 
	2360	 2.745763e-03			 2.998859e+04	 
	2362	 2.743438e-03			 3.003479e+04	 
	2364	 2.741117e-03			 3.009474e+04	 
	2366	 2.738800e-03			 3.016714e+04	 
	2368	 2.736486e-03			 3.024129e+04	 
	2370	 2.742616e-03			 3.029066e+04	 
	2372	 2.740304e-03			 3.033199e+04	 
	2374	 2.737995e-03			 3.039806e+04	 
	2376	 2.735690e-03			 3.042715e+04	 
	2378	 2.733389e-03			 3.047306e+04	 
	2380	 2.739496e-03			 3.054355e+04	 
	2382	 2.737196e-03			 3.057166e+04	 
	2384	 2.734899e-03			 3.061471e+04	 
	2386	 2.740989e-03			 3.065853e+04	 
	2388	 2.738693e-03			 3.070143e+04	 
	2390	 2.736402e-03			 3.074267e+04	 
	2392	 2.734114e-03			 3.077255e+04	 
	2394	 2.731830e-03			 3.083151e+04	 
	2396	 2.729549e-03			 3.088831e+04	 
	2398	 2.727273e-03			 3.094595e+04	 
	2400	 2.725000e-03			 3.100456e+04	 
	2402	 2.722731e-03			 3.104909e+04	 
	2404	 2.728785e-03			 3.110955e+04	 
	2406	 2.726517e-03			 3.116600e+04	 
	2408	 2.724252e-03			 3.125080e+04	 
	2410	 2.721992e-03			 3.132094e+04	 
	2412	 2.728027e-03			 3.139646e+04	 
	2414	 2.725766e-03			 3.144400e+04	 
	2416	 2.723510e-03			 3.150216e+04	 
	2418	 2.729529e-03			 3.156319e+04	 
	2420	 2.727273e-03			 3.163356e+04	 
	2422	 2.733278e-03			 3.168923e+04	 
	2424	 2.731023e-03			 3.173157e+04	 
	2426	 2.745260e-03			 3.178809e+04	 
	2428	 2.751236e-03			 3.181753e+04	 
	2430	 2.757202e-03			 3.187250e+04	 
	2432	 2.754934e-03			 3.191834e+04	 
	2434	 2.752671e-03			 3.198945e+04	 
	2436	 2.758621e-03			 3.206455e+04	 
	2438	 2.756358e-03			 3.212441e+04	 
	2440	 2.754098e-03			 3.218253e+04	 
	2442	 2.751843e-03			 3.223226e+04	 
	2444	 2.749591e-03			 3.229060e+04	 
	2446	 2.747343e-03			 3.233705e+04	 
	2448	 2.761438e-03			 3.238016e+04	 
	2450	 2.767347e-03			 3.245079e+04	 
	2452	 2.765090e-03			 3.249252e+04	 
	2454	 2.762836e-03			 3.254894e+04	 
	2456	 2.776873e-03			 3.258973e+04	 
	2458	 2.774614e-03			 3.263161e+04	 
	2460	 2.772358e-03			 3.265915e+04	 
	2462	 2.770106e-03			 3.271337e+04	 
	2464	 2.767857e-03			 3.275409e+04	 
	2466	 2.765612e-03			 3.282254e+04	 
	2468	 2.763371e-03			 3.287900e+04	 
	2470	 2.761134e-03			 3.292116e+04	 
	2472	 2.758900e-03			 3.296389e+04	 
	2474	 2.756669e-03			 3.300571e+04	 
	2476	 2.754443e-03			 3.306503e+04	 
	2478	 2.752220e-03			 3.312024e+04	 
	2480	 2.750000e-03			 3.317460e+04	 
	2482	 2.747784e-03			 3.323724e+04	 
	2484	 2.745572e-03			 3.329155e+04	 
	2486	 2.743363e-03			 3.333449e+04	 
	2488	 2.741158e-03			 3.337692e+04	 
	2490	 2.738956e-03			 3.343285e+04	 
	2492	 2.736758e-03			 3.348927e+04	 
	2494	 2.734563e-03			 3.353156e+04	 
	2496	 2.732372e-03			 3.355894e+04	 
	2498	 2.730184e-03			 3.363052e+04	 
	2500	 2.736000e-03			 3.368755e+04	 
	2502	 2.733813e-03			 3.374280e+04	 
	2504	 2.731629e-03			 3.379638e+04	 
	2506	 2.737430e-03			 3.385040e+04	 
	2508	 2.735247e-03			 3.389309e+04	 
	2510	 2.741036e-03			 3.396061e+04	 
	2512	 2.754777e-03			 3.404432e+04	 
	2514	 2.752586e-03			 3.408683e+04	 
	2516	 2.758347e-03			 3.414134e+04	 
	2518	 2.756156e-03			 3.421180e+04	 
	2520	 2.761905e-03			 3.426861e+04	 
	2522	 2.759715e-03			 3.431021e+04	 
	2524	 2.765452e-03			 3.434924e+04	 
	2526	 2.763262e-03			 3.440451e+04	 
	2528	 2.761076e-03			 3.444670e+04	 
	2530	 2.758893e-03			 3.451437e+04	 
	2532	 2.756714e-03			 3.457088e+04	 
	2534	 2.754538e-03			 3.459884e+04	 
	2536	 2.752366e-03			 3.463934e+04	 
	2538	 2.750197e-03			 3.469475e+04	 
	2540	 2.748031e-03			 3.473784e+04	 
	2542	 2.745869e-03			 3.479199e+04	 
	2544	 2.751572e-03			 3.484860e+04	 
	2546	 2.749411e-03			 3.491887e+04	 
	2548	 2.747253e-03			 3.498608e+04	 
	2550	 2.745098e-03			 3.504182e+04	 
	2552	 2.742947e-03			 3.509550e+04	 
	2554	 2.748630e-03			 3.515059e+04	 
	2556	 2.746479e-03			 3.521902e+04	 
	2558	 2.752150e-03			 3.527888e+04	 
	2560	 2.750000e-03			 3.532248e+04	 
	2562	 2.755660e-03			 3.540715e+04	 
	2564	 2.761310e-03			 3.546175e+04	 
	2566	 2.766952e-03			 3.552351e+04	 
	2568	 2.772586e-03			 3.558186e+04	 
	2570	 2.770428e-03			 3.565201e+04	 
	2572	 2.776050e-03			 3.569244e+04	 
	2574	 2.781663e-03			 3.576284e+04	 
	2576	 2.787267e-03			 3.581221e+04	 
	2578	 2.785105e-03			 3.585268e+04	 
	2580	 2.782946e-03			 3.589739e+04	 
	2582	 2.780790e-03			 3.592509e+04	 
	2584	 2.778638e-03			 3.596821e+04	 
	2586	 2.776489e-03			 3.601247e+04	 
	2588	 2.774343e-03			 3.605480e+04	 
	2590	 2.772201e-03			 3.608239e+04	 
	2592	 2.770062e-03			 3.616117e+04	 
	2594	 2.767926e-03			 3.620087e+04	 
	2596	 2.773498e-03			 3.625980e+04	 
	2598	 2.771363e-03			 3.631377e+04	 
	2600	 2.776923e-03			 3.635505e+04	 
	2602	 2.790161e-03			 3.644235e+04	 
	2604	 2.803379e-03			 3.649833e+04	 
	2606	 2.831926e-03			 3.656860e+04	 
	2608	 2.829755e-03			 3.662736e+04	 
	2610	 2.842912e-03			 3.668970e+04	 
	2612	 2.840735e-03			 3.674615e+04	 
	2614	 2.838562e-03			 3.681908e+04	 
	2616	 2.836391e-03			 3.687267e+04	 
	2618	 2.834225e-03			 3.694383e+04	 
	2620	 2.839695e-03			 3.698523e+04	 
	2622	 2.852784e-03			 3.703995e+04	 
	2624	 2.858232e-03			 3.709339e+04	 
	2626	 2.863671e-03			 3.712087e+04	 
	2628	 2.869102e-03			 3.717711e+04	 
	2630	 2.874525e-03			 3.723153e+04	 
	2632	 2.872340e-03			 3.730267e+04	 
	2634	 2.870159e-03			 3.734383e+04	 
	2636	 2.867982e-03			 3.740079e+04	 
	2638	 2.873389e-03			 3.745876e+04	 
	2640	 2.886364e-03			 3.751601e+04	 
	2642	 2.891749e-03			 3.757478e+04	 
	2644	 2.889561e-03			 3.761572e+04	 
	2646	 2.887377e-03			 3.766207e+04	 
	2648	 2.885196e-03			 3.770622e+04	 
	2650	 2.905660e-03			 3.776121e+04	 
	2652	 2.903469e-03			 3.782671e+04	 
	2654	 2.901281e-03			 3.787057e+04	 
	2656	 2.906627e-03			 3.792844e+04	 
	2658	 2.904439e-03			 3.798610e+04	 
	2660	 2.909774e-03			 3.802912e+04	 
	2662	 2.915101e-03			 3.807605e+04	 
	2664	 2.920420e-03			 3.813841e+04	 
	2666	 2.918230e-03			 3.816644e+04	 
	2668	 2.916042e-03			 3.822034e+04	 
	2670	 2.913858e-03			 3.826512e+04	 
	2672	 2.926647e-03			 3.833412e+04	 
	2674	 2.924458e-03			 3.840596e+04	 
	2676	 2.922272e-03			 3.846130e+04	 
	2678	 2.920090e-03			 3.851954e+04	 
	2680	 2.917910e-03			 3.856320e+04	 
	2682	 2.923192e-03			 3.863208e+04	 
	2684	 2.921013e-03			 3.867340e+04	 
	2686	 2.918838e-03			 3.873104e+04	 
	2688	 2.924107e-03			 3.879817e+04	 
	2690	 2.921933e-03			 3.886019e+04	 
	2692	 2.919762e-03			 3.891621e+04	 
	2694	 2.917595e-03			 3.895885e+04	 
	2696	 2.915430e-03			 3.903096e+04	 
	2698	 2.913269e-03			 3.908733e+04	 
	2700	 2.911111e-03			 3.912989e+04	 
	2702	 2.908956e-03			 3.915779e+04	 
	2704	 2.906805e-03			 3.921392e+04	 
	2706	 2.904656e-03			 3.928705e+04	 
	2708	 2.902511e-03			 3.934296e+04	 
	2710	 2.900369e-03			 3.939962e+04	 
	2712	 2.898230e-03			 3.944108e+04	 
	2714	 2.896094e-03			 3.948613e+04	 
	2716	 2.901325e-03			 3.951420e+04	 
	2718	 2.899191e-03			 3.958792e+04	 
	2720	 2.897059e-03			 3.964264e+04	 
	2722	 2.894930e-03			 3.968643e+04	 
	2724	 2.892805e-03			 3.973131e+04	 
	2726	 2.898019e-03			 3.979232e+04	 
	2728	 2.895894e-03			 3.984904e+04	 
	2730	 2.908425e-03			 3.992836e+04	 
	2732	 2.913616e-03			 4.000495e+04	 
	2734	 2.911485e-03			 4.006046e+04	 
	2736	 2.916667e-03			 4.010336e+04	 
	2738	 2.914536e-03			 4.016084e+04	 
	2740	 2.912409e-03			 4.021773e+04	 
	2742	 2.910284e-03			 4.026697e+04	 
	2744	 2.908163e-03			 4.033786e+04	 
	2746	 2.906045e-03			 4.037912e+04	 
	2748	 2.903930e-03			 4.043471e+04	 
	2750	 2.901818e-03			 4.049349e+04	 
	2752	 2.906977e-03			 4.056355e+04	 
	2754	 2.904866e-03			 4.063548e+04	 
	2756	 2.902758e-03			 4.069070e+04	 
	2758	 2.907904e-03			 4.074696e+04	 
	2760	 2.905797e-03			 4.080335e+04	 
	2762	 2.910934e-03			 4.085898e+04	 
	2764	 2.908828e-03			 4.091514e+04	 
	2766	 2.928416e-03			 4.097134e+04	 
	2768	 2.926301e-03			 4.102643e+04	 
	2770	 2.924188e-03			 4.108196e+04	 
	2772	 2.922078e-03			 4.111097e+04	 
	2774	 2.919971e-03			 4.115177e+04	 
	2776	 2.917867e-03			 4.120788e+04	 
	2778	 2.915767e-03			 4.123496e+04	 
	2780	 2.913669e-03			 4.127709e+04	 
	2782	 2.911574e-03			 4.131867e+04	 
	2784	 2.909483e-03			 4.137407e+04	 
	2786	 2.921752e-03			 4.144315e+04	 
	2788	 2.919656e-03			 4.148469e+04	 
	2790	 2.917563e-03			 4.153140e+04	 
	2792	 2.929799e-03			 4.162041e+04	 
	2794	 2.927702e-03			 4.166314e+04	 
	2796	 2.925608e-03			 4.172079e+04	 
	2798	 2.923517e-03			 4.177666e+04	 
	2800	 2.921429e-03			 4.184643e+04	 
	2802	 2.933619e-03			 4.192094e+04	 
	2804	 2.931526e-03			 4.197957e+04	 
	2806	 2.936565e-03			 4.203382e+04	 
	2808	 2.934473e-03			 4.209970e+04	 
	2810	 2.932384e-03			 4.215561e+04	 
	2812	 2.937411e-03			 4.222559e+04	 
	2814	 2.935323e-03			 4.228109e+04	 
	2816	 2.933239e-03			 4.234135e+04	 
	2818	 2.931157e-03			 4.239682e+04	 
	2820	 2.929078e-03			 4.245554e+04	 
	2822	 2.927002e-03			 4.251385e+04	 
	2824	 2.924929e-03			 4.256267e+04	 
	2826	 2.922859e-03			 4.261907e+04	 
	2828	 2.920792e-03			 4.268876e+04	 
	2830	 2.918728e-03			 4.272919e+04	 
	2832	 2.923729e-03			 4.278836e+04	 
	2834	 2.921665e-03			 4.284494e+04	 
	2836	 2.919605e-03			 4.292124e+04	 
	2838	 2.917548e-03			 4.297746e+04	 
	2840	 2.915493e-03			 4.303348e+04	 
	2842	 2.913441e-03			 4.308810e+04	 
	2844	 2.911392e-03			 4.314895e+04	 
	2846	 2.909346e-03			 4.320453e+04	 
	2848	 2.907303e-03			 4.326163e+04	 
	2850	 2.905263e-03			 4.330207e+04	 
	2852	 2.903226e-03			 4.334367e+04	 
	2854	 2.901191e-03			 4.341606e+04	 
	2856	 2.899160e-03			 4.344456e+04	 
	2858	 2.897131e-03			 4.349846e+04	 
	2860	 2.895105e-03			 4.355903e+04	 
	2862	 2.893082e-03			 4.360160e+04	 
	2864	 2.891061e-03			 4.365705e+04	 
	2866	 2.889044e-03			 4.371750e+04	 
	2868	 2.887029e-03			 4.375891e+04	 
	2870	 2.885017e-03			 4.379912e+04	 
	2872	 2.883008e-03			 4.385527e+04	 
	2874	 2.881002e-03			 4.391542e+04	 
	2876	 2.878999e-03			 4.397279e+04	 
	2878	 2.883947e-03			 4.403597e+04	 
	2880	 2.888889e-03			 4.408065e+04	 
	2882	 2.886884e-03			 4.413896e+04	 
	2884	 2.884882e-03			 4.417992e+04	 
	2886	 2.889813e-03			 4.424428e+04	 
	2888	 2.887812e-03			 4.432446e+04	 
	2890	 2.885813e-03			 4.437869e+04	 
	2892	 2.883817e-03			 4.440998e+04	 
	2894	 2.881824e-03			 4.445769e+04	 
	2896	 2.879834e-03			 4.451160e+04	 
	2898	 2.877847e-03			 4.455381e+04	 
	2900	 2.875862e-03			 4.461123e+04	 
	2902	 2.880772e-03			 4.468452e+04	 
	2904	 2.878788e-03			 4.474468e+04	 
	2906	 2.876807e-03			 4.480302e+04	 
	2908	 2.874828e-03			 4.487472e+04	 
	2910	 2.872852e-03			 4.492244e+04	 
	2912	 2.870879e-03			 4.498058e+04	 
	2914	 2.868909e-03			 4.502208e+04	 
	2916	 2.866941e-03			 4.506364e+04	 
	2918	 2.864976e-03			 4.510510e+04	 
	2920	 2.863014e-03			 4.514709e+04	 
	2922	 2.861054e-03			 4.520595e+04	 
	2924	 2.859097e-03			 4.526623e+04	 
	2926	 2.857143e-03			 4.531246e+04	 
	2928	 2.855191e-03			 4.533954e+04	 
	2930	 2.853242e-03			 4.539519e+04	 
	2932	 2.851296e-03			 4.546350e+04	 
	2934	 2.849352e-03			 4.550732e+04	 
	2936	 2.847411e-03			 4.557698e+04	 
	2938	 2.852280e-03			 4.563276e+04	 
	2940	 2.850340e-03			 4.568037e+04	 
	2942	 2.848402e-03			 4.575677e+04	 
	2944	 2.846467e-03			 4.580047e+04	 
	2946	 2.844535e-03			 4.586204e+04	 
	2948	 2.849389e-03			 4.592097e+04	 
	2950	 2.847458e-03			 4.598273e+04	 
	2952	 2.845528e-03			 4.601038e+04	 
	2954	 2.843602e-03			 4.607143e+04	 
	2956	 2.855210e-03			 4.614344e+04	 
	2958	 2.853279e-03			 4.621247e+04	 
	2960	 2.851351e-03			 4.628256e+04	 
	2962	 2.849426e-03			 4.630990e+04	 
	2964	 2.854251e-03			 4.637040e+04	 
	2966	 2.859069e-03			 4.640987e+04	 
	2968	 2.857143e-03			 4.646960e+04	 
	2970	 2.855219e-03			 4.652626e+04	 
	2972	 2.853297e-03			 4.656730e+04	 
	2974	 2.851379e-03			 4.663251e+04	 
	2976	 2.856183e-03			 4.669074e+04	 
	2978	 2.867696e-03			 4.676748e+04	 
	2980	 2.879195e-03			 4.681281e+04	 
	2982	 2.877264e-03			 4.688277e+04	 
	2984	 2.875335e-03			 4.693857e+04	 
	2986	 2.880107e-03			 4.699970e+04	 
	2988	 2.878179e-03			 4.705646e+04	 
	2990	 2.882943e-03			 4.711951e+04	 
	2992	 2.881016e-03			 4.719402e+04	 
	2994	 2.885772e-03			 4.726609e+04	 
	2996	 2.883845e-03			 4.733127e+04	 
	2998	 2.881921e-03			 4.739138e+04	 
	3000	 2.880000e-03			 4.742879e+04	 
	3002	 2.878081e-03			 4.748935e+04	 
	3004	 2.876165e-03			 4.755041e+04	 
	3006	 2.874251e-03			 4.760711e+04	 
	3008	 2.872340e-03			 4.765249e+04	 
	3010	 2.870432e-03			 4.772244e+04	 
	3012	 2.868526e-03			 4.776376e+04	 
	3014	 2.866622e-03			 4.780399e+04	 
	3016	 2.864721e-03			 4.786772e+04	 
	3018	 2.862823e-03			 4.791116e+04	 
	3020	 2.860927e-03			 4.796543e+04	 
	3022	 2.859034e-03			 4.802100e+04	 
	3024	 2.857143e-03			 4.809498e+04	 
	3026	 2.855254e-03			 4.815636e+04	 
	3028	 2.853369e-03			 4.818356e+04	 
	3030	 2.851485e-03			 4.821291e+04	 
	3032	 2.849604e-03			 4.825276e+04	 
	3034	 2.847726e-03			 4.833009e+04	 
	3036	 2.852437e-03			 4.840402e+04	 
	3038	 2.850560e-03			 4.847312e+04	 
	3040	 2.855263e-03			 4.851488e+04	 
	3042	 2.853386e-03			 4.855603e+04	 
	3044	 2.851511e-03			 4.861630e+04	 
	3046	 2.849639e-03			 4.867712e+04	 
	3048	 2.847769e-03			 4.871960e+04	 
	3050	 2.845902e-03			 4.878955e+04	 
	3052	 2.844037e-03			 4.885962e+04	 
	3054	 2.842174e-03			 4.890414e+04	 
	3056	 2.840314e-03			 4.896095e+04	 
	3058	 2.838457e-03			 4.902288e+04	 
	3060	 2.836601e-03			 4.908352e+04	 
	3062	 2.834749e-03			 4.913966e+04	 
	3064	 2.832898e-03			 4.918360e+04	 
	3066	 2.844097e-03			 4.923863e+04	 
	3068	 2.842243e-03			 4.931113e+04	 
	3070	 2.840391e-03			 4.938426e+04	 
	3072	 2.838542e-03			 4.944291e+04	 
	3074	 2.836695e-03			 4.952593e+04	 
	3076	 2.834850e-03			 4.960872e+04	 
	3078	 2.833008e-03			 4.966513e+04	 
	3080	 2.831169e-03			 4.973595e+04	 
	3082	 2.829332e-03			 4.980643e+04	 
	3084	 2.827497e-03			 4.984788e+04	 
	3086	 2.825664e-03			 4.992935e+04	 
	3088	 2.830311e-03			 4.998436e+04	 
	3090	 2.828479e-03			 5.005175e+04	 
	3092	 2.826649e-03			 5.012847e+04	 
	3094	 2.824822e-03			 5.019587e+04	 
	3096	 2.822997e-03			 5.026656e+04	 
	3098	 2.821175e-03			 5.032260e+04	 
	3100	 2.819355e-03			 5.038013e+04	 
	3102	 2.817537e-03			 5.043451e+04	 
	3104	 2.815722e-03			 5.047621e+04	 
	3106	 2.813909e-03			 5.054597e+04	 
	3108	 2.818533e-03			 5.060364e+04	 
	3110	 2.816720e-03			 5.067173e+04	 
	3112	 2.814910e-03			 5.074168e+04	 
	3114	 2.813102e-03			 5.079829e+04	 
	3116	 2.824134e-03			 5.084390e+04	 
	3118	 2.822322e-03			 5.089954e+04	 
	3120	 2.820513e-03			 5.096923e+04	 
	3122	 2.818706e-03			 5.102311e+04	 
	3124	 2.816901e-03			 5.109461e+04	 
	3126	 2.821497e-03			 5.115439e+04	 
	3128	 2.819693e-03			 5.119643e+04	 
	3130	 2.830671e-03			 5.126768e+04	 
	3132	 2.828863e-03			 5.132086e+04	 
	3134	 2.827058e-03			 5.138021e+04	 
	3136	 2.825255e-03			 5.142506e+04	 
	3138	 2.823454e-03			 5.146782e+04	 
	3140	 2.821656e-03			 5.152183e+04	 
	3142	 2.819860e-03			 5.156348e+04	 
	3144	 2.818066e-03			 5.162039e+04	 
	3146	 2.822632e-03			 5.168979e+04	 
	3148	 2.827192e-03			 5.176980e+04	 
	3150	 2.831746e-03			 5.181250e+04	 
	3152	 2.829949e-03			 5.185545e+04	 
	3154	 2.828155e-03			 5.191024e+04	 
	3156	 2.832700e-03			 5.195101e+04	 
	3158	 2.830906e-03			 5.200740e+04	 
	3160	 2.829114e-03			 5.208109e+04	 
	3162	 2.827324e-03			 5.212430e+04	 
	3164	 2.825537e-03			 5.218351e+04	 
	3166	 2.823752e-03			 5.224070e+04	 
	3168	 2.828283e-03			 5.229692e+04	 
	3170	 2.826498e-03			 5.235319e+04	 
	3172	 2.824716e-03			 5.242404e+04	 
	3174	 2.822936e-03			 5.245144e+04	 
	3176	 2.821159e-03			 5.252374e+04	 
	3178	 2.819383e-03			 5.258047e+04	 
	3180	 2.817610e-03			 5.263934e+04	 
	3182	 2.815839e-03			 5.272209e+04	 
	3184	 2.820352e-03			 5.277926e+04	 
	3186	 2.824859e-03			 5.283939e+04	 
	3188	 2.823087e-03			 5.291078e+04	 
	3190	 2.821317e-03			 5.295702e+04	 
	3192	 2.819549e-03			 5.300489e+04	 
	3194	 2.817783e-03			 5.306070e+04	 
	3196	 2.816020e-03			 5.312678e+04	 
	3198	 2.814259e-03			 5.318254e+04	 
	3200	 2.812500e-03			 5.323865e+04	 
	3202	 2.810743e-03			 5.329385e+04	 
	3204	 2.808989e-03			 5.335123e+04	 
	3206	 2.813475e-03			 5.340562e+04	 
	3208	 2.811721e-03			 5.346484e+04	 
	3210	 2.809969e-03			 5.350623e+04	 
	3212	 2.814446e-03			 5.357547e+04	 
	3214	 2.812694e-03			 5.362374e+04	 
	3216	 2.810945e-03			 5.368074e+04	 
	3218	 2.809198e-03			 5.375415e+04	 
	3220	 2.807453e-03			 5.382487e+04	 
	3222	 2.805711e-03			 5.388367e+04	 
	3224	 2.803970e-03			 5.393973e+04	 
	3226	 2.808431e-03			 5.396854e+04	 
	3228	 2.806691e-03			 5.403681e+04	 
	3230	 2.804954e-03			 5.410861e+04	 
	3232	 2.803218e-03			 5.417799e+04	 
	3234	 2.801484e-03			 5.423464e+04	 
	3236	 2.799753e-03			 5.429327e+04	 
	3238	 2.798023e-03			 5.434688e+04	 
	3240	 2.796296e-03			 5.440347e+04	 
	3242	 2.794571e-03			 5.446034e+04	 
	3244	 2.792848e-03			 5.450024e+04	 
	3246	 2.791128e-03			 5.452918e+04	 
	3248	 2.789409e-03			 5.458276e+04	 
	3250	 2.787692e-03			 5.464508e+04	 
	3252	 2.785978e-03			 5.471742e+04	 
	3254	 2.784266e-03			 5.477737e+04	 
	3256	 2.782555e-03			 5.482739e+04	 
	3258	 2.786986e-03			 5.485467e+04	 
	3260	 2.785276e-03			 5.489628e+04	 
	3262	 2.783568e-03			 5.494033e+04	 
	3264	 2.781863e-03			 5.499674e+04	 
	3266	 2.780159e-03			 5.509157e+04	 
	3268	 2.784578e-03			 5.515172e+04	 
	3270	 2.795107e-03			 5.520912e+04	 
	3272	 2.793399e-03			 5.525216e+04	 
	3274	 2.791692e-03			 5.530738e+04	 
	3276	 2.796093e-03			 5.536301e+04	 
	3278	 2.794387e-03			 5.540749e+04	 
	3280	 2.792683e-03			 5.547644e+04	 
	3282	 2.797075e-03			 5.555135e+04	 
	3284	 2.801462e-03			 5.559828e+04	 
	3286	 2.799757e-03			 5.566130e+04	 
	3288	 2.804136e-03			 5.571589e+04	 
	3290	 2.808511e-03			 5.579535e+04	 
	3292	 2.812880e-03			 5.588202e+04	 
	3294	 2.811172e-03			 5.593864e+04	 
	3296	 2.809466e-03			 5.597985e+04	 
	3298	 2.807762e-03			 5.601946e+04	 
	3300	 2.806061e-03			 5.609667e+04	 
	3302	 2.804361e-03			 5.616277e+04	 
	3304	 2.802663e-03			 5.623213e+04	 
	3306	 2.800968e-03			 5.630161e+04	 
	3308	 2.799274e-03			 5.637425e+04	 
	3310	 2.803625e-03			 5.643164e+04	 
	3312	 2.801932e-03			 5.650694e+04	 
	3314	 2.806276e-03			 5.657150e+04	 
	3316	 2.816647e-03			 5.663793e+04	 
	3318	 2.814949e-03			 5.670742e+04	 
	3320	 2.819277e-03			 5.678540e+04	 
	3322	 2.817580e-03			 5.684772e+04	 
	3324	 2.815884e-03			 5.688865e+04	 
	3326	 2.814191e-03			 5.695877e+04	 
	3328	 2.812500e-03			 5.703590e+04	 
	3330	 2.816817e-03			 5.710864e+04	 
	3332	 2.815126e-03			 5.719222e+04	 
	3334	 2.813437e-03			 5.725640e+04	 
	3336	 2.811751e-03			 5.731600e+04	 
	3338	 2.816058e-03			 5.737109e+04	 
	3340	 2.814371e-03			 5.743509e+04	 
	3342	 2.812687e-03			 5.749074e+04	 
	3344	 2.816986e-03			 5.755713e+04	 
	3346	 2.815302e-03			 5.760042e+04	 
	3348	 2.813620e-03			 5.767083e+04	 
	3350	 2.811940e-03			 5.774206e+04	 
	3352	 2.810263e-03			 5.781360e+04	 
	3354	 2.808587e-03			 5.788809e+04	 
	3356	 2.806913e-03			 5.794429e+04	 
	3358	 2.805241e-03			 5.800680e+04	 
	3360	 2.803571e-03			 5.806647e+04	 
	3362	 2.807852e-03			 5.812978e+04	 
	3364	 2.812128e-03			 5.818748e+04	 
	3366	 2.810458e-03			 5.824058e+04	 
	3368	 2.808789e-03			 5.831403e+04	 
	3370	 2.807122e-03			 5.838905e+04	 
	3372	 2.805457e-03			 5.846311e+04	 
	3374	 2.809721e-03			 5.852886e+04	 
	3376	 2.813981e-03			 5.859388e+04	 
	3378	 2.812315e-03			 5.865092e+04	 
	3380	 2.810651e-03			 5.871265e+04	 
	3382	 2.808989e-03			 5.878232e+04	 
	3384	 2.807329e-03			 5.885038e+04	 
	3386	 2.805670e-03			 5.892170e+04	 
	3388	 2.815821e-03			 5.898175e+04	 
	3390	 2.814159e-03			 5.903857e+04	 
	3392	 2.812500e-03			 5.908237e+04	 
	3394	 2.810843e-03			 5.912648e+04	 
	3396	 2.809187e-03			 5.917298e+04	 
	3398	 2.813420e-03			 5.921802e+04	 
	3400	 2.817647e-03			 5.929198e+04	 
	3402	 2.815991e-03			 5.933797e+04	 
	3404	 2.814336e-03			 5.939912e+04	 
	3406	 2.812683e-03			 5.945620e+04	 
	3408	 2.811033e-03			 5.951989e+04	 
	3410	 2.809384e-03			 5.959367e+04	 
	3412	 2.807737e-03			 5.964982e+04	 
	3414	 2.806093e-03			 5.972254e+04	 
	3416	 2.804450e-03			 5.976815e+04	 
	3418	 2.802809e-03			 5.982606e+04	 
	3420	 2.801170e-03			 5.989786e+04	 
	3422	 2.811222e-03			 5.999221e+04	 
	3424	 2.809579e-03			 6.006531e+04	 
	3426	 2.813777e-03			 6.015453e+04	 
	3428	 2.812135e-03			 6.021747e+04	 
	3430	 2.810496e-03			 6.027555e+04	 
	3432	 2.814685e-03			 6.032529e+04	 
	3434	 2.813046e-03			 6.039315e+04	 
	3436	 2.811409e-03			 6.045072e+04	 
	3438	 2.809773e-03			 6.050715e+04	 
	3440	 2.819767e-03			 6.058766e+04	 
	3442	 2.823940e-03			 6.065718e+04	 
	3444	 2.839721e-03			 6.074742e+04	 
	3446	 2.838073e-03			 6.080589e+04	 
	3448	 2.836427e-03			 6.086178e+04	 
	3450	 2.834783e-03			 6.092493e+04	 
	3452	 2.838934e-03			 6.098614e+04	 
	3454	 2.848871e-03			 6.104513e+04	 
	3456	 2.847222e-03			 6.111316e+04	 
	3458	 2.845575e-03			 6.120261e+04	 
	3460	 2.843931e-03			 6.125792e+04	 
	3462	 2.848065e-03			 6.131695e+04	 
	3464	 2.857968e-03			 6.139168e+04	 
	3466	 2.856319e-03			 6.145786e+04	 
	3468	 2.854671e-03			 6.151926e+04	 
	3470	 2.853026e-03			 6.156509e+04	 
	3472	 2.851382e-03			 6.161982e+04	 
	3474	 2.849741e-03			 6.169360e+04	 
	3476	 2.848101e-03			 6.176881e+04	 
	3478	 2.846463e-03			 6.182582e+04	 
	3480	 2.844828e-03			 6.191165e+04	 
	3482	 2.843194e-03			 6.198336e+04	 
	3484	 2.847302e-03			 6.202873e+04	 
	3486	 2.845668e-03			 6.209658e+04	 
	3488	 2.849771e-03			 6.217180e+04	 
	3490	 2.853868e-03			 6.223121e+04	 
	3492	 2.852234e-03			 6.230347e+04	 
	3494	 2.850601e-03			 6.234705e+04	 
	3496	 2.848970e-03			 6.245526e+04	 
	3498	 2.847341e-03			 6.254090e+04	 
	3500	 2.851429e-03			 6.261437e+04	 
	3502	 2.849800e-03			 6.267152e+04	 
	3504	 2.848174e-03			 6.272324e+04	 
	3506	 2.846549e-03			 6.278226e+04	 
	3508	 2.850627e-03			 6.287159e+04	 
	3510	 2.849003e-03			 6.294561e+04	 
	3512	 2.847380e-03			 6.299560e+04	 
	3514	 2.851451e-03			 6.304254e+04	 
	3516	 2.849829e-03			 6.311736e+04	 
	3518	 2.848209e-03			 6.317773e+04	 
	3520	 2.846591e-03			 6.322938e+04	 
	3522	 2.844974e-03			 6.328770e+04	 
	3524	 2.849035e-03			 6.335570e+04	 
	3526	 2.847419e-03			 6.343210e+04	 
	3528	 2.845805e-03			 6.352248e+04	 
	3530	 2.844193e-03			 6.360232e+04	 
	3532	 2.842582e-03			 6.366030e+04	 
	3534	 2.846633e-03			 6.370306e+04	 
	3536	 2.845023e-03			 6.376339e+04	 
	3538	 2.843414e-03			 6.383669e+04	 
	3540	 2.847458e-03			 6.388093e+04	 
	3542	 2.845850e-03			 6.396702e+04	 
	3544	 2.849887e-03			 6.402673e+04	 
	3546	 2.848280e-03			 6.408712e+04	 
	3548	 2.852311e-03			 6.413091e+04	 
	3550	 2.850704e-03			 6.418824e+04	 
	3552	 2.849099e-03			 6.424557e+04	 
	3554	 2.847496e-03			 6.431700e+04	 
	3556	 2.845894e-03			 6.437275e+04	 
	3558	 2.849916e-03			 6.441631e+04	 
	3560	 2.848315e-03			 6.447458e+04	 
	3562	 2.846715e-03			 6.453675e+04	 
	3564	 2.845118e-03			 6.460622e+04	 
	3566	 2.849131e-03			 6.467970e+04	 
	3568	 2.847534e-03			 6.474429e+04	 
	3570	 2.851541e-03			 6.480879e+04	 
	3572	 2.849944e-03			 6.486857e+04	 
	3574	 2.853945e-03			 6.494049e+04	 
	3576	 2.857942e-03			 6.501029e+04	 
	3578	 2.867524e-03			 6.507386e+04	 
	3580	 2.865922e-03			 6.514754e+04	 
	3582	 2.864322e-03			 6.521756e+04	 
	3584	 2.868304e-03			 6.528571e+04	 
	3586	 2.872281e-03			 6.534728e+04	 
	3588	 2.870680e-03			 6.540359e+04	 
