# y_px x_px signal noise
2.000000000000000000e+01 2.900000000000000000e+01 6.140479564666748047e+00 2.297481298446655273e+00
2.000000000000000000e+01 3.000000000000000000e+01 6.209772109985351562e+00 2.333251476287841797e+00
2.000000000000000000e+01 3.100000000000000000e+01 6.104044437408447266e+00 2.399862766265869141e+00
2.100000000000000000e+01 2.600000000000000000e+01 6.254002571105957031e+00 2.326357603073120117e+00
2.100000000000000000e+01 2.700000000000000000e+01 6.762374401092529297e+00 2.354678630828857422e+00
2.100000000000000000e+01 2.800000000000000000e+01 7.355235576629638672e+00 2.409674644470214844e+00
2.100000000000000000e+01 2.900000000000000000e+01 7.722743034362792969e+00 2.359677076339721680e+00
2.100000000000000000e+01 3.000000000000000000e+01 7.785119533538818359e+00 2.394881010055541992e+00
2.100000000000000000e+01 3.100000000000000000e+01 7.473438739776611328e+00 2.451095581054687500e+00
2.100000000000000000e+01 3.200000000000000000e+01 7.016080856323242188e+00 2.430959939956665039e+00
2.100000000000000000e+01 3.300000000000000000e+01 6.384911060333251953e+00 2.353293418884277344e+00
2.200000000000000000e+01 2.500000000000000000e+01 6.573508739471435547e+00 2.346583843231201172e+00
2.200000000000000000e+01 2.600000000000000000e+01 7.662421226501464844e+00 2.375712633132934570e+00
2.200000000000000000e+01 2.700000000000000000e+01 8.574818611145019531e+00 2.412917137145996094e+00
2.200000000000000000e+01 2.800000000000000000e+01 9.406010627746582031e+00 2.484469413757324219e+00
2.200000000000000000e+01 2.900000000000000000e+01 9.992837905883789062e+00 2.432853937149047852e+00
2.200000000000000000e+01 3.000000000000000000e+01 1.007046318054199219e+01 2.448341608047485352e+00
2.200000000000000000e+01 3.100000000000000000e+01 9.524671554565429688e+00 2.526713132858276367e+00
2.200000000000000000e+01 3.200000000000000000e+01 8.671257019042968750e+00 2.488363504409790039e+00
2.200000000000000000e+01 3.300000000000000000e+01 7.735152721405029297e+00 2.406770467758178711e+00
2.200000000000000000e+01 3.400000000000000000e+01 6.731217861175537109e+00 2.410493850708007812e+00
2.300000000000000000e+01 2.400000000000000000e+01 6.674383163452148438e+00 2.317154169082641602e+00
2.300000000000000000e+01 2.500000000000000000e+01 7.948208808898925781e+00 2.339498043060302734e+00
2.300000000000000000e+01 2.600000000000000000e+01 9.520251274108886719e+00 2.379617452621459961e+00
2.300000000000000000e+01 2.700000000000000000e+01 1.091193199157714844e+01 2.434981107711791992e+00
2.300000000000000000e+01 2.800000000000000000e+01 1.217857933044433594e+01 2.507611989974975586e+00
2.300000000000000000e+01 2.900000000000000000e+01 1.294942760467529297e+01 2.470596075057983398e+00
2.300000000000000000e+01 3.000000000000000000e+01 1.290664196014404297e+01 2.477439641952514648e+00
2.300000000000000000e+01 3.100000000000000000e+01 1.226952838897705078e+01 2.545056819915771484e+00
2.300000000000000000e+01 3.200000000000000000e+01 1.100176143646240234e+01 2.498947620391845703e+00
2.300000000000000000e+01 3.300000000000000000e+01 9.693661689758300781e+00 2.409943103790283203e+00
2.300000000000000000e+01 3.400000000000000000e+01 8.180872917175292969e+00 2.413514614105224609e+00
2.300000000000000000e+01 3.500000000000000000e+01 6.710551738739013672e+00 2.505869626998901367e+00
2.400000000000000000e+01 2.300000000000000000e+01 6.314902782440185547e+00 2.297425508499145508e+00
2.400000000000000000e+01 2.400000000000000000e+01 7.849151134490966797e+00 2.326776742935180664e+00
2.400000000000000000e+01 2.500000000000000000e+01 9.685017585754394531e+00 2.358383655548095703e+00
2.400000000000000000e+01 2.600000000000000000e+01 1.175085353851318359e+01 2.408217191696166992e+00
2.400000000000000000e+01 2.700000000000000000e+01 1.384593296051025391e+01 2.467831373214721680e+00
2.400000000000000000e+01 2.800000000000000000e+01 1.573043537139892578e+01 2.564453840255737305e+00
2.400000000000000000e+01 2.900000000000000000e+01 1.720485496520996094e+01 2.519112110137939453e+00
2.400000000000000000e+01 3.000000000000000000e+01 1.727078628540039062e+01 2.532980442047119141e+00
2.400000000000000000e+01 3.100000000000000000e+01 1.609492874145507812e+01 2.585388660430908203e+00
2.400000000000000000e+01 3.200000000000000000e+01 1.414695167541503906e+01 2.525205373764038086e+00
2.400000000000000000e+01 3.300000000000000000e+01 1.188875007629394531e+01 2.422366857528686523e+00
2.400000000000000000e+01 3.400000000000000000e+01 9.825809478759765625e+00 2.409709692001342773e+00
2.400000000000000000e+01 3.500000000000000000e+01 7.789552211761474609e+00 2.464441776275634766e+00
2.500000000000000000e+01 2.300000000000000000e+01 7.231937408447265625e+00 2.403456926345825195e+00
2.500000000000000000e+01 2.400000000000000000e+01 9.267332077026367188e+00 2.441966056823730469e+00
2.500000000000000000e+01 2.500000000000000000e+01 1.175886154174804688e+01 2.493022203445434570e+00
2.500000000000000000e+01 2.600000000000000000e+01 1.472762107849121094e+01 2.559112071990966797e+00
2.500000000000000000e+01 2.700000000000000000e+01 1.790956306457519531e+01 2.626455068588256836e+00
2.500000000000000000e+01 2.800000000000000000e+01 2.116887855529785156e+01 2.745416879653930664e+00
2.500000000000000000e+01 2.900000000000000000e+01 2.334900474548339844e+01 2.713839054107666016e+00
2.500000000000000000e+01 3.000000000000000000e+01 2.347840118408203125e+01 2.729341030120849609e+00
2.500000000000000000e+01 3.100000000000000000e+01 2.139048767089843750e+01 2.761120557785034180e+00
2.500000000000000000e+01 3.200000000000000000e+01 1.832365226745605469e+01 2.687077999114990234e+00
2.500000000000000000e+01 3.300000000000000000e+01 1.482564449310302734e+01 2.564238548278808594e+00
2.500000000000000000e+01 3.400000000000000000e+01 1.163907337188720703e+01 2.531418800354003906e+00
2.500000000000000000e+01 3.500000000000000000e+01 9.053087234497070312e+00 2.582340478897094727e+00
2.500000000000000000e+01 3.600000000000000000e+01 6.830695629119873047e+00 2.515385627746582031e+00
2.600000000000000000e+01 2.200000000000000000e+01 6.303071498870849609e+00 2.340798854827880859e+00
2.600000000000000000e+01 2.300000000000000000e+01 8.113180160522460938e+00 2.295120239257812500e+00
2.600000000000000000e+01 2.400000000000000000e+01 1.058347988128662109e+01 2.340888261795043945e+00
2.600000000000000000e+01 2.500000000000000000e+01 1.378070831298828125e+01 2.402266263961791992e+00
2.600000000000000000e+01 2.600000000000000000e+01 1.820964431762695312e+01 2.489619493484497070e+00
2.600000000000000000e+01 2.700000000000000000e+01 2.318555831909179688e+01 2.588316917419433594e+00
2.600000000000000000e+01 2.800000000000000000e+01 2.835589981079101562e+01 2.710836172103881836e+00
2.600000000000000000e+01 2.900000000000000000e+01 3.193994903564453125e+01 2.719089031219482422e+00
2.600000000000000000e+01 3.000000000000000000e+01 3.209943771362304688e+01 2.767041921615600586e+00
2.600000000000000000e+01 3.100000000000000000e+01 2.865962028503417969e+01 2.745666742324829102e+00
2.600000000000000000e+01 3.200000000000000000e+01 2.321829414367675781e+01 2.636599302291870117e+00
2.600000000000000000e+01 3.300000000000000000e+01 1.814821434020996094e+01 2.501510143280029297e+00
2.600000000000000000e+01 3.400000000000000000e+01 1.368593502044677734e+01 2.451458692550659180e+00
2.600000000000000000e+01 3.500000000000000000e+01 1.051641750335693359e+01 2.493117570877075195e+00
2.600000000000000000e+01 3.600000000000000000e+01 7.749793529510498047e+00 2.419850111007690430e+00
2.600000000000000000e+01 3.700000000000000000e+01 5.980916976928710938e+00 2.268279790878295898e+00
2.700000000000000000e+01 2.200000000000000000e+01 6.996858596801757812e+00 2.455622911453247070e+00
2.700000000000000000e+01 2.300000000000000000e+01 9.045104980468750000e+00 2.419883012771606445e+00
2.700000000000000000e+01 2.400000000000000000e+01 1.196482658386230469e+01 2.474775314331054688e+00
2.700000000000000000e+01 2.500000000000000000e+01 1.617703437805175781e+01 2.560121297836303711e+00
2.700000000000000000e+01 2.600000000000000000e+01 2.199094200134277344e+01 2.675318956375122070e+00
2.700000000000000000e+01 2.700000000000000000e+01 2.916474342346191406e+01 2.798320770263671875e+00
2.700000000000000000e+01 2.800000000000000000e+01 3.712772750854492188e+01 2.984926462173461914e+00
2.700000000000000000e+01 2.900000000000000000e+01 4.317238616943359375e+01 3.041654586791992188e+00
2.700000000000000000e+01 3.000000000000000000e+01 4.318126296997070312e+01 3.058370351791381836e+00
2.700000000000000000e+01 3.100000000000000000e+01 3.671857452392578125e+01 3.004368066787719727e+00
2.700000000000000000e+01 3.200000000000000000e+01 2.862903213500976562e+01 2.832113981246948242e+00
2.700000000000000000e+01 3.300000000000000000e+01 2.126646041870117188e+01 2.662650346755981445e+00
2.700000000000000000e+01 3.400000000000000000e+01 1.544730949401855469e+01 2.580016374588012695e+00
2.700000000000000000e+01 3.500000000000000000e+01 1.158750438690185547e+01 2.591190576553344727e+00
2.700000000000000000e+01 3.600000000000000000e+01 8.528847694396972656e+00 2.535483360290527344e+00
2.700000000000000000e+01 3.700000000000000000e+01 6.523614406585693359e+00 2.350650072097778320e+00
2.800000000000000000e+01 2.200000000000000000e+01 7.342671394348144531e+00 2.413240432739257812e+00
2.800000000000000000e+01 2.300000000000000000e+01 9.813157081604003906e+00 2.389596939086914062e+00
2.800000000000000000e+01 2.400000000000000000e+01 1.304258918762207031e+01 2.447194337844848633e+00
2.800000000000000000e+01 2.500000000000000000e+01 1.802207756042480469e+01 2.550073623657226562e+00
2.800000000000000000e+01 2.600000000000000000e+01 2.520234298706054688e+01 2.674275875091552734e+00
2.800000000000000000e+01 2.700000000000000000e+01 3.472750473022460938e+01 2.832273483276367188e+00
2.800000000000000000e+01 2.800000000000000000e+01 4.586196899414062500e+01 3.052630662918090820e+00
2.800000000000000000e+01 2.900000000000000000e+01 5.410549545288085938e+01 3.100372791290283203e+00
2.800000000000000000e+01 3.000000000000000000e+01 5.354002380371093750e+01 3.124992847442626953e+00
2.800000000000000000e+01 3.100000000000000000e+01 4.485560989379882812e+01 3.079624414443969727e+00
2.800000000000000000e+01 3.200000000000000000e+01 3.323131179809570312e+01 2.864967584609985352e+00
2.800000000000000000e+01 3.300000000000000000e+01 2.379104042053222656e+01 2.675817012786865234e+00
2.800000000000000000e+01 3.400000000000000000e+01 1.680132865905761719e+01 2.579200983047485352e+00
2.800000000000000000e+01 3.500000000000000000e+01 1.224202442169189453e+01 2.609632730484008789e+00
2.800000000000000000e+01 3.600000000000000000e+01 8.678813934326171875e+00 2.644091367721557617e+00
2.800000000000000000e+01 3.700000000000000000e+01 6.570169925689697266e+00 2.410660266876220703e+00
2.900000000000000000e+01 2.200000000000000000e+01 7.630109786987304688e+00 2.384469032287597656e+00
2.900000000000000000e+01 2.300000000000000000e+01 1.020894527435302734e+01 2.364524364471435547e+00
2.900000000000000000e+01 2.400000000000000000e+01 1.371988010406494141e+01 2.436688661575317383e+00
2.900000000000000000e+01 2.500000000000000000e+01 1.907464981079101562e+01 2.551853418350219727e+00
2.900000000000000000e+01 2.600000000000000000e+01 2.679078674316406250e+01 2.688400030136108398e+00
2.900000000000000000e+01 2.700000000000000000e+01 3.753918075561523438e+01 2.864506721496582031e+00
2.900000000000000000e+01 2.800000000000000000e+01 5.023654174804687500e+01 3.116680622100830078e+00
2.900000000000000000e+01 2.900000000000000000e+01 5.891144180297851562e+01 3.187854528427124023e+00
2.900000000000000000e+01 3.000000000000000000e+01 5.752544021606445312e+01 3.191545724868774414e+00
2.900000000000000000e+01 3.100000000000000000e+01 4.729196929931640625e+01 3.103530168533325195e+00
2.900000000000000000e+01 3.200000000000000000e+01 3.443067932128906250e+01 2.863536834716796875e+00
2.900000000000000000e+01 3.300000000000000000e+01 2.410158920288085938e+01 2.651718854904174805e+00
2.900000000000000000e+01 3.400000000000000000e+01 1.710547256469726562e+01 2.553137063980102539e+00
2.900000000000000000e+01 3.500000000000000000e+01 1.212614822387695312e+01 2.573448896408081055e+00
2.900000000000000000e+01 3.600000000000000000e+01 8.804321289062500000e+00 2.474801540374755859e+00
2.900000000000000000e+01 3.700000000000000000e+01 6.662635803222656250e+00 2.292487859725952148e+00
3.000000000000000000e+01 2.200000000000000000e+01 7.465509414672851562e+00 2.512732267379760742e+00
3.000000000000000000e+01 2.300000000000000000e+01 1.005705928802490234e+01 2.477321863174438477e+00
3.000000000000000000e+01 2.400000000000000000e+01 1.353245162963867188e+01 2.546009302139282227e+00
3.000000000000000000e+01 2.500000000000000000e+01 1.862894630432128906e+01 2.635324716567993164e+00
3.000000000000000000e+01 2.600000000000000000e+01 2.605001449584960938e+01 2.803106546401977539e+00
3.000000000000000000e+01 2.700000000000000000e+01 3.626099014282226562e+01 2.949433803558349609e+00
3.000000000000000000e+01 2.800000000000000000e+01 4.771246719360351562e+01 3.163205623626708984e+00
3.000000000000000000e+01 2.900000000000000000e+01 5.481640625000000000e+01 3.224587917327880859e+00
3.000000000000000000e+01 3.000000000000000000e+01 5.310940551757812500e+01 3.296842098236083984e+00
3.000000000000000000e+01 3.100000000000000000e+01 4.305242156982421875e+01 3.201667547225952148e+00
3.000000000000000000e+01 3.200000000000000000e+01 3.131740760803222656e+01 2.970746517181396484e+00
3.000000000000000000e+01 3.300000000000000000e+01 2.241397476196289062e+01 2.727359294891357422e+00
3.000000000000000000e+01 3.400000000000000000e+01 1.614105796813964844e+01 2.597231149673461914e+00
3.000000000000000000e+01 3.500000000000000000e+01 1.161199951171875000e+01 2.600880384445190430e+00
3.000000000000000000e+01 3.600000000000000000e+01 8.223533630371093750e+00 2.667191982269287109e+00
3.000000000000000000e+01 3.700000000000000000e+01 6.256355762481689453e+00 2.403003692626953125e+00
3.100000000000000000e+01 2.200000000000000000e+01 7.217031955718994141e+00 2.468094587326049805e+00
3.100000000000000000e+01 2.300000000000000000e+01 9.583352088928222656e+00 2.390494108200073242e+00
3.100000000000000000e+01 2.400000000000000000e+01 1.280942344665527344e+01 2.468164205551147461e+00
3.100000000000000000e+01 2.500000000000000000e+01 1.732818222045898438e+01 2.527219772338867188e+00
3.100000000000000000e+01 2.600000000000000000e+01 2.331074333190917969e+01 2.671501874923706055e+00
3.100000000000000000e+01 2.700000000000000000e+01 3.104170989990234375e+01 2.777897357940673828e+00
3.100000000000000000e+01 2.800000000000000000e+01 3.910379409790039062e+01 2.877266407012939453e+00
3.100000000000000000e+01 2.900000000000000000e+01 4.329398727416992188e+01 2.935984134674072266e+00
3.100000000000000000e+01 3.000000000000000000e+01 4.205457687377929688e+01 3.036175966262817383e+00
3.100000000000000000e+01 3.100000000000000000e+01 3.493367004394531250e+01 2.984677314758300781e+00
3.100000000000000000e+01 3.200000000000000000e+01 2.692373657226562500e+01 2.811034202575683594e+00
3.100000000000000000e+01 3.300000000000000000e+01 1.985010528564453125e+01 2.606997728347778320e+00
3.100000000000000000e+01 3.400000000000000000e+01 1.440000534057617188e+01 2.524740934371948242e+00
3.100000000000000000e+01 3.500000000000000000e+01 1.070605945587158203e+01 2.558677434921264648e+00
3.100000000000000000e+01 3.600000000000000000e+01 7.803904056549072266e+00 2.517910242080688477e+00
3.100000000000000000e+01 3.700000000000000000e+01 5.990846633911132812e+00 2.364526748657226562e+00
3.200000000000000000e+01 2.200000000000000000e+01 6.917633056640625000e+00 2.430238962173461914e+00
3.200000000000000000e+01 2.300000000000000000e+01 8.942971229553222656e+00 2.401144266128540039e+00
3.200000000000000000e+01 2.400000000000000000e+01 1.164951515197753906e+01 2.450541257858276367e+00
3.200000000000000000e+01 2.500000000000000000e+01 1.521651077270507812e+01 2.482005357742309570e+00
3.200000000000000000e+01 2.600000000000000000e+01 1.988277626037597656e+01 2.623495578765869141e+00
3.200000000000000000e+01 2.700000000000000000e+01 2.521414566040039062e+01 2.685898065567016602e+00
3.200000000000000000e+01 2.800000000000000000e+01 2.999069023132324219e+01 2.751540899276733398e+00
3.200000000000000000e+01 2.900000000000000000e+01 3.229866790771484375e+01 2.770327806472778320e+00
3.200000000000000000e+01 3.000000000000000000e+01 3.132248687744140625e+01 2.812983989715576172e+00
3.200000000000000000e+01 3.100000000000000000e+01 2.706088638305664062e+01 2.821719884872436523e+00
3.200000000000000000e+01 3.200000000000000000e+01 2.155985832214355469e+01 2.698415994644165039e+00
3.200000000000000000e+01 3.300000000000000000e+01 1.649671745300292969e+01 2.538192033767700195e+00
3.200000000000000000e+01 3.400000000000000000e+01 1.245887660980224609e+01 2.448795318603515625e+00
3.200000000000000000e+01 3.500000000000000000e+01 9.209706306457519531e+00 2.532228469848632812e+00
3.200000000000000000e+01 3.600000000000000000e+01 7.031857013702392578e+00 2.413359642028808594e+00
3.300000000000000000e+01 2.200000000000000000e+01 6.152171611785888672e+00 2.421175956726074219e+00
3.300000000000000000e+01 2.300000000000000000e+01 8.044939041137695312e+00 2.387876510620117188e+00
3.300000000000000000e+01 2.400000000000000000e+01 1.013569545745849609e+01 2.420469999313354492e+00
3.300000000000000000e+01 2.500000000000000000e+01 1.274093818664550781e+01 2.456871271133422852e+00
3.300000000000000000e+01 2.600000000000000000e+01 1.584288978576660156e+01 2.560235261917114258e+00
3.300000000000000000e+01 2.700000000000000000e+01 1.913498115539550781e+01 2.604807138442993164e+00
3.300000000000000000e+01 2.800000000000000000e+01 2.226565551757812500e+01 2.635209083557128906e+00
3.300000000000000000e+01 2.900000000000000000e+01 2.340444755554199219e+01 2.680232048034667969e+00
3.300000000000000000e+01 3.000000000000000000e+01 2.278694534301757812e+01 2.733484029769897461e+00
3.300000000000000000e+01 3.100000000000000000e+01 2.028244018554687500e+01 2.752066135406494141e+00
3.300000000000000000e+01 3.200000000000000000e+01 1.700415802001953125e+01 2.659172773361206055e+00
3.300000000000000000e+01 3.300000000000000000e+01 1.359221267700195312e+01 2.518052339553833008e+00
3.300000000000000000e+01 3.400000000000000000e+01 1.054892158508300781e+01 2.427631378173828125e+00
3.300000000000000000e+01 3.500000000000000000e+01 8.144958496093750000e+00 2.492988586425781250e+00
3.300000000000000000e+01 3.600000000000000000e+01 6.310452461242675781e+00 2.426926851272583008e+00
3.400000000000000000e+01 2.300000000000000000e+01 6.987202644348144531e+00 2.315836668014526367e+00
3.400000000000000000e+01 2.400000000000000000e+01 8.610298156738281250e+00 2.353024005889892578e+00
3.400000000000000000e+01 2.500000000000000000e+01 1.044363307952880859e+01 2.359735727310180664e+00
3.400000000000000000e+01 2.600000000000000000e+01 1.272148132324218750e+01 2.428961753845214844e+00
3.400000000000000000e+01 2.700000000000000000e+01 1.481448554992675781e+01 2.446380853652954102e+00
3.400000000000000000e+01 2.800000000000000000e+01 1.650354385375976562e+01 2.480543851852416992e+00
3.400000000000000000e+01 2.900000000000000000e+01 1.714665031433105469e+01 2.485709667205810547e+00
3.400000000000000000e+01 3.000000000000000000e+01 1.660458946228027344e+01 2.526893854141235352e+00
3.400000000000000000e+01 3.100000000000000000e+01 1.524790573120117188e+01 2.568158388137817383e+00
3.400000000000000000e+01 3.200000000000000000e+01 1.305903720855712891e+01 2.550713777542114258e+00
3.400000000000000000e+01 3.300000000000000000e+01 1.096843624114990234e+01 2.414926290512084961e+00
3.400000000000000000e+01 3.400000000000000000e+01 8.790864944458007812e+00 2.333254098892211914e+00
3.400000000000000000e+01 3.500000000000000000e+01 6.869600296020507812e+00 2.411009311676025391e+00
3.500000000000000000e+01 2.300000000000000000e+01 5.899002075195312500e+00 2.328337669372558594e+00
3.500000000000000000e+01 2.400000000000000000e+01 7.281310081481933594e+00 2.367614507675170898e+00
3.500000000000000000e+01 2.500000000000000000e+01 8.526734352111816406e+00 2.361905336380004883e+00
3.500000000000000000e+01 2.600000000000000000e+01 1.013861942291259766e+01 2.423017501831054688e+00
3.500000000000000000e+01 2.700000000000000000e+01 1.139419841766357422e+01 2.425324440002441406e+00
3.500000000000000000e+01 2.800000000000000000e+01 1.249750041961669922e+01 2.438038349151611328e+00
3.500000000000000000e+01 2.900000000000000000e+01 1.269659900665283203e+01 2.429509878158569336e+00
3.500000000000000000e+01 3.000000000000000000e+01 1.243848800659179688e+01 2.470961570739746094e+00
3.500000000000000000e+01 3.100000000000000000e+01 1.162971496582031250e+01 2.508081912994384766e+00
3.500000000000000000e+01 3.200000000000000000e+01 1.028357410430908203e+01 2.499195337295532227e+00
3.500000000000000000e+01 3.300000000000000000e+01 8.755228996276855469e+00 2.371163606643676758e+00
3.500000000000000000e+01 3.400000000000000000e+01 7.151521682739257812e+00 2.319756507873535156e+00
3.600000000000000000e+01 2.400000000000000000e+01 6.133386611938476562e+00 2.348560094833374023e+00
3.600000000000000000e+01 2.500000000000000000e+01 7.138370513916015625e+00 2.352462053298950195e+00
3.600000000000000000e+01 2.600000000000000000e+01 8.025510787963867188e+00 2.394770383834838867e+00
3.600000000000000000e+01 2.700000000000000000e+01 8.867895126342773438e+00 2.404635667800903320e+00
3.600000000000000000e+01 2.800000000000000000e+01 9.607339859008789062e+00 2.391720056533813477e+00
3.600000000000000000e+01 2.900000000000000000e+01 9.813065528869628906e+00 2.406656503677368164e+00
3.600000000000000000e+01 3.000000000000000000e+01 9.731239318847656250e+00 2.435383319854736328e+00
3.600000000000000000e+01 3.100000000000000000e+01 8.966349601745605469e+00 2.473041772842407227e+00
3.600000000000000000e+01 3.200000000000000000e+01 8.141892433166503906e+00 2.477224826812744141e+00
3.600000000000000000e+01 3.300000000000000000e+01 7.115300655364990234e+00 2.348868131637573242e+00
3.600000000000000000e+01 3.400000000000000000e+01 5.973686695098876953e+00 2.307110309600830078e+00
3.700000000000000000e+01 2.600000000000000000e+01 6.578741073608398438e+00 2.370434761047363281e+00
3.700000000000000000e+01 2.700000000000000000e+01 7.026272296905517578e+00 2.377123355865478516e+00
3.700000000000000000e+01 2.800000000000000000e+01 7.430005550384521484e+00 2.370328903198242188e+00
3.700000000000000000e+01 2.900000000000000000e+01 7.583409309387207031e+00 2.362844228744506836e+00
3.700000000000000000e+01 3.000000000000000000e+01 7.493321418762207031e+00 2.391864776611328125e+00
3.700000000000000000e+01 3.100000000000000000e+01 7.141283988952636719e+00 2.453312873840332031e+00
3.700000000000000000e+01 3.200000000000000000e+01 6.587738990783691406e+00 2.466703891754150391e+00
3.800000000000000000e+01 2.700000000000000000e+01 5.707989692687988281e+00 2.266768455505371094e+00
3.800000000000000000e+01 2.800000000000000000e+01 5.867000102996826172e+00 2.246242046356201172e+00
3.800000000000000000e+01 2.900000000000000000e+01 5.813420295715332031e+00 2.244402170181274414e+00
3.800000000000000000e+01 3.000000000000000000e+01 5.867434978485107422e+00 2.279867410659790039e+00
