 28.000000  19.000000       28
 29.000000  19.000000       28
 30.000000  19.000000       28
 31.000000  19.000000       28
 32.000000  19.000000       28
 25.000000  20.000000        5
 26.000000  20.000000        5
 27.000000  20.000000       28
 28.000000  20.000000       28
 29.000000  20.000000       28
 30.000000  20.000000       28
 31.000000  20.000000       28
 32.000000  20.000000       28
 33.000000  20.000000       28
 34.000000  20.000000       27
 25.000000  21.000000        5
 26.000000  21.000000        5
 27.000000  21.000000        5
 28.000000  21.000000       28
 29.000000  21.000000       28
 30.000000  21.000000       28
 31.000000  21.000000       28
 32.000000  21.000000       28
 33.000000  21.000000       27
 34.000000  21.000000       27
 23.000000  22.000000        5
 24.000000  22.000000        5
 25.000000  22.000000        5
 26.000000  22.000000        5
 27.000000  22.000000        5
 28.000000  22.000000       28
 29.000000  22.000000       28
 30.000000  22.000000       28
 31.000000  22.000000       28
 32.000000  22.000000       28
 33.000000  22.000000       27
 34.000000  22.000000       27
 35.000000  22.000000       27
 23.000000  23.000000        5
 24.000000  23.000000        5
 25.000000  23.000000        5
 26.000000  23.000000        5
 27.000000  23.000000        5
 28.000000  23.000000        5
 29.000000  23.000000       28
 30.000000  23.000000       28
 31.000000  23.000000       28
 32.000000  23.000000       27
 33.000000  23.000000       27
 34.000000  23.000000       27
 35.000000  23.000000       27
 36.000000  23.000000       27
 22.000000  24.000000        6
 23.000000  24.000000        6
 24.000000  24.000000        5
 25.000000  24.000000        5
 26.000000  24.000000        5
 27.000000  24.000000        5
 28.000000  24.000000        5
 29.000000  24.000000       19
 30.000000  24.000000       19
 31.000000  24.000000       27
 32.000000  24.000000       27
 33.000000  24.000000       27
 34.000000  24.000000       27
 35.000000  24.000000       27
 36.000000  24.000000       27
 37.000000  24.000000       27
 22.000000  25.000000        6
 23.000000  25.000000        6
 24.000000  25.000000        6
 25.000000  25.000000        5
 26.000000  25.000000        5
 27.000000  25.000000        5
 28.000000  25.000000       19
 29.000000  25.000000       19
 30.000000  25.000000       19
 31.000000  25.000000       19
 32.000000  25.000000       27
 33.000000  25.000000       27
 34.000000  25.000000       27
 35.000000  25.000000       27
 36.000000  25.000000       27
 37.000000  25.000000       26
 21.000000  26.000000        6
 22.000000  26.000000        6
 23.000000  26.000000        6
 24.000000  26.000000        6
 25.000000  26.000000        6
 26.000000  26.000000        4
 27.000000  26.000000        4
 28.000000  26.000000        2
 29.000000  26.000000       19
 30.000000  26.000000       19
 31.000000  26.000000       25
 32.000000  26.000000       25
 33.000000  26.000000       25
 34.000000  26.000000       27
 35.000000  26.000000       26
 36.000000  26.000000       26
 37.000000  26.000000       26
 38.000000  26.000000       26
 21.000000  27.000000        6
 22.000000  27.000000        6
 23.000000  27.000000        6
 24.000000  27.000000        6
 25.000000  27.000000        6
 26.000000  27.000000        4
 27.000000  27.000000        4
 28.000000  27.000000        2
 29.000000  27.000000        1
 30.000000  27.000000       18
 31.000000  27.000000       25
 32.000000  27.000000       25
 33.000000  27.000000       25
 34.000000  27.000000       26
 35.000000  27.000000       26
 36.000000  27.000000       26
 37.000000  27.000000       26
 38.000000  27.000000       26
 21.000000  28.000000        6
 22.000000  28.000000        6
 23.000000  28.000000        6
 24.000000  28.000000        6
 25.000000  28.000000        7
 26.000000  28.000000        4
 27.000000  28.000000        4
 28.000000  28.000000        2
 29.000000  28.000000        1
 30.000000  28.000000       18
 31.000000  28.000000       20
 32.000000  28.000000       25
 33.000000  28.000000       26
 34.000000  28.000000       26
 35.000000  28.000000       26
 36.000000  28.000000       26
 37.000000  28.000000       26
 38.000000  28.000000       26
 21.000000  29.000000        6
 22.000000  29.000000        6
 23.000000  29.000000        6
 24.000000  29.000000        7
 25.000000  29.000000        7
 26.000000  29.000000        7
 27.000000  29.000000        3
 28.000000  29.000000        3
 29.000000  29.000000        0
 30.000000  29.000000       16
 31.000000  29.000000       20
 32.000000  29.000000       21
 33.000000  29.000000       26
 34.000000  29.000000       26
 35.000000  29.000000       26
 36.000000  29.000000       26
 37.000000  29.000000       26
 38.000000  29.000000       26
 21.000000  30.000000        9
 22.000000  30.000000        9
 23.000000  30.000000        9
 24.000000  30.000000        7
 25.000000  30.000000        7
 26.000000  30.000000        7
 27.000000  30.000000        8
 28.000000  30.000000        8
 29.000000  30.000000       14
 30.000000  30.000000       15
 31.000000  30.000000       21
 32.000000  30.000000       21
 33.000000  30.000000       24
 34.000000  30.000000       24
 35.000000  30.000000       24
 36.000000  30.000000       26
 37.000000  30.000000       26
 38.000000  30.000000       26
 21.000000  31.000000        9
 22.000000  31.000000        9
 23.000000  31.000000        9
 24.000000  31.000000        9
 25.000000  31.000000        9
 26.000000  31.000000       10
 27.000000  31.000000       10
 28.000000  31.000000       11
 29.000000  31.000000       11
 30.000000  31.000000       17
 31.000000  31.000000       17
 32.000000  31.000000       21
 33.000000  31.000000       24
 34.000000  31.000000       24
 35.000000  31.000000       24
 36.000000  31.000000       24
 37.000000  31.000000       26
 38.000000  31.000000       26
 21.000000  32.000000        9
 22.000000  32.000000        9
 23.000000  32.000000        9
 24.000000  32.000000        9
 25.000000  32.000000        9
 26.000000  32.000000       10
 27.000000  32.000000       10
 28.000000  32.000000       13
 29.000000  32.000000       13
 30.000000  32.000000       17
 31.000000  32.000000       17
 32.000000  32.000000       23
 33.000000  32.000000       24
 34.000000  32.000000       24
 35.000000  32.000000       24
 36.000000  32.000000       24
 37.000000  32.000000       24
 21.000000  33.000000        9
 22.000000  33.000000        9
 23.000000  33.000000        9
 24.000000  33.000000        9
 25.000000  33.000000        9
 26.000000  33.000000       10
 27.000000  33.000000       10
 28.000000  33.000000       13
 29.000000  33.000000       13
 30.000000  33.000000       22
 31.000000  33.000000       22
 32.000000  33.000000       23
 33.000000  33.000000       23
 34.000000  33.000000       23
 35.000000  33.000000       23
 36.000000  33.000000       23
 37.000000  33.000000       23
 22.000000  34.000000        9
 23.000000  34.000000        9
 24.000000  34.000000        9
 25.000000  34.000000        9
 26.000000  34.000000       12
 27.000000  34.000000       12
 28.000000  34.000000       12
 29.000000  34.000000       22
 30.000000  34.000000       22
 31.000000  34.000000       22
 32.000000  34.000000       23
 33.000000  34.000000       23
 34.000000  34.000000       23
 35.000000  34.000000       23
 36.000000  34.000000       23
 22.000000  35.000000        9
 23.000000  35.000000        9
 24.000000  35.000000        9
 25.000000  35.000000       12
 26.000000  35.000000       12
 27.000000  35.000000       12
 28.000000  35.000000       12
 29.000000  35.000000       12
 30.000000  35.000000       22
 31.000000  35.000000       23
 32.000000  35.000000       23
 33.000000  35.000000       23
 34.000000  35.000000       23
 35.000000  35.000000       23
 23.000000  36.000000        9
 24.000000  36.000000       12
 25.000000  36.000000       12
 26.000000  36.000000       12
 27.000000  36.000000       12
 28.000000  36.000000       12
 29.000000  36.000000       12
 30.000000  36.000000       12
 31.000000  36.000000       23
 32.000000  36.000000       23
 33.000000  36.000000       23
 34.000000  36.000000       23
 35.000000  36.000000       23
 24.000000  37.000000       12
 25.000000  37.000000       12
 26.000000  37.000000       12
 27.000000  37.000000       12
 28.000000  37.000000       12
 29.000000  37.000000       12
 30.000000  37.000000       12
 31.000000  37.000000       23
 32.000000  37.000000       23
 33.000000  37.000000       23
 34.000000  37.000000       23
 24.000000  38.000000       12
 25.000000  38.000000       12
 26.000000  38.000000       12
 27.000000  38.000000       12
 28.000000  38.000000       12
 29.000000  38.000000       12
 30.000000  38.000000       12
 31.000000  38.000000       23
 32.000000  38.000000       23
 33.000000  38.000000       23
 26.000000  39.000000       12
 27.000000  39.000000       12
 28.000000  39.000000       12
 29.000000  39.000000       12
 30.000000  39.000000       12
