# Bin_id signal noise snr
0       5.891144e+01       3.187855e+00 1.847996520996093750e+01 
1       4.169077e+02       8.954014e+00 4.656098937988281250e+01 
2       4.916614e+02       1.040975e+01 4.723083496093750000e+01 
3       5.487621e+02       1.191121e+01 4.607105636596679688e+01 
4       5.347385e+02       1.316950e+01 4.060430908203125000e+01 
5       4.319309e+02       1.301197e+01 3.319487762451171875e+01 
6       4.364151e+02       1.449510e+01 3.010776329040527344e+01 
7       3.563970e+02       1.474370e+01 2.417282676696777344e+01 
8       3.651644e+02       1.679567e+01 2.174158477783203125e+01 
9       2.963252e+02       1.672337e+01 1.771923065185546875e+01 
10       2.411214e+02       1.653165e+01 1.458543777465820312e+01 
11       2.289304e+02       1.763695e+01 1.298015785217285156e+01 
12       2.187822e+02       1.882436e+01 1.162229347229003906e+01 
13       1.956727e+02       1.944391e+01 1.006344699859619141e+01 
14       1.039356e+02       1.491852e+01 6.966886043548583984e+00 
15       6.946650e+00       3.940158e+00 1.763038516044616699e+00 
