# Vel [km/s] 	 Disp [km/s]
1.48270e+02 	 2.42292e+02
1.39883e+02 	 2.27620e+02
1.59518e+02 	 2.34420e+02
1.51857e+02 	 2.25744e+02
1.48079e+02 	 2.39855e+02
1.50063e+02 	 2.19659e+02
1.58816e+02 	 2.20865e+02
1.41908e+02 	 2.34367e+02
1.53284e+02 	 2.22842e+02
1.63834e+02 	 2.31185e+02
1.61263e+02 	 2.28503e+02
1.42774e+02 	 2.27614e+02
1.65336e+02 	 2.21227e+02
1.38208e+02 	 2.23881e+02
1.41662e+02 	 2.25690e+02
1.42825e+02 	 2.30829e+02
1.47318e+02 	 2.30573e+02
1.51794e+02 	 2.22791e+02
1.53697e+02 	 2.27934e+02
1.53554e+02 	 2.24312e+02
1.43036e+02 	 2.24116e+02
1.55334e+02 	 2.38980e+02
1.41020e+02 	 2.10323e+02
1.61508e+02 	 2.47577e+02
1.42034e+02 	 2.27559e+02
1.59387e+02 	 2.21949e+02
1.46313e+02 	 2.31584e+02
1.51151e+02 	 2.38828e+02
1.54841e+02 	 2.32136e+02
1.56433e+02 	 2.43748e+02
1.39828e+02 	 2.22352e+02
1.51814e+02 	 2.32725e+02
1.49859e+02 	 2.36776e+02
1.49791e+02 	 2.33875e+02
1.43939e+02 	 2.22137e+02
1.48075e+02 	 2.27084e+02
1.63721e+02 	 2.29821e+02
1.36286e+02 	 2.30704e+02
1.54435e+02 	 2.30971e+02
1.59952e+02 	 2.31138e+02
1.63517e+02 	 2.17174e+02
1.42443e+02 	 2.32247e+02
1.43202e+02 	 2.37483e+02
1.60604e+02 	 2.06246e+02
1.46477e+02 	 2.31644e+02
1.54573e+02 	 2.08984e+02
1.47311e+02 	 2.21958e+02
1.46684e+02 	 2.24846e+02
1.62604e+02 	 2.07102e+02
1.57525e+02 	 2.11381e+02
1.56618e+02 	 2.51387e+02
1.39739e+02 	 2.21929e+02
1.46832e+02 	 2.26290e+02
1.44146e+02 	 2.30306e+02
1.47045e+02 	 2.35371e+02
1.44353e+02 	 2.40187e+02
1.53803e+02 	 2.01050e+02
1.49992e+02 	 2.30436e+02
1.36188e+02 	 2.32194e+02
1.30717e+02 	 2.36070e+02
1.40535e+02 	 2.12307e+02
1.47471e+02 	 2.32503e+02
1.48087e+02 	 2.38791e+02
1.64626e+02 	 2.28243e+02
1.56206e+02 	 2.38947e+02
1.57280e+02 	 2.21200e+02
1.37277e+02 	 2.35975e+02
1.46176e+02 	 2.24040e+02
1.51945e+02 	 2.15485e+02
1.51022e+02 	 2.27412e+02
1.46889e+02 	 2.19317e+02
1.37000e+02 	 2.41726e+02
1.50973e+02 	 2.17472e+02
1.40821e+02 	 2.30790e+02
1.43862e+02 	 2.28509e+02
1.27611e+02 	 2.31436e+02
1.56674e+02 	 2.13476e+02
1.56753e+02 	 2.23720e+02
1.40183e+02 	 2.34675e+02
1.53382e+02 	 2.16520e+02
1.44316e+02 	 2.51480e+02
1.50330e+02 	 2.06311e+02
1.49014e+02 	 2.19127e+02
1.41700e+02 	 2.17881e+02
1.57580e+02 	 2.23853e+02
1.52479e+02 	 2.30837e+02
1.67178e+02 	 2.05978e+02
1.41803e+02 	 2.21626e+02
1.49831e+02 	 2.28060e+02
1.55383e+02 	 2.23645e+02
1.57585e+02 	 2.22961e+02
1.35914e+02 	 2.28675e+02
1.54346e+02 	 2.10656e+02
1.48783e+02 	 2.26398e+02
1.47295e+02 	 2.27559e+02
1.53763e+02 	 2.30373e+02
1.53397e+02 	 2.46286e+02
1.48216e+02 	 2.27710e+02
1.55531e+02 	 2.37293e+02
1.63154e+02 	 2.31004e+02
1.58242e+02 	 2.40250e+02
1.56143e+02 	 2.20375e+02
1.51350e+02 	 2.26783e+02
1.50688e+02 	 2.11837e+02
1.59319e+02 	 2.18773e+02
1.53458e+02 	 2.43700e+02
1.59265e+02 	 2.24035e+02
1.42770e+02 	 2.22449e+02
1.56334e+02 	 2.32064e+02
1.59095e+02 	 2.27609e+02
1.46778e+02 	 2.28973e+02
1.41444e+02 	 2.33009e+02
1.41761e+02 	 2.30234e+02
1.43562e+02 	 2.24655e+02
1.62512e+02 	 2.12442e+02
1.36352e+02 	 2.19688e+02
1.45732e+02 	 2.30482e+02
1.48269e+02 	 2.09199e+02
1.59625e+02 	 2.33327e+02
1.50654e+02 	 2.34463e+02
1.42991e+02 	 2.17337e+02
1.47875e+02 	 2.24699e+02
1.54992e+02 	 2.18940e+02
1.56712e+02 	 2.20519e+02
1.50664e+02 	 2.30501e+02
1.51403e+02 	 2.15675e+02
1.42966e+02 	 2.51968e+02
1.52955e+02 	 2.17360e+02
1.48080e+02 	 2.33128e+02
1.45692e+02 	 2.42486e+02
1.33392e+02 	 2.25265e+02
1.43866e+02 	 2.49516e+02
1.52896e+02 	 2.20645e+02
1.49885e+02 	 2.33904e+02
1.68223e+02 	 2.36127e+02
1.59478e+02 	 2.27240e+02
1.45689e+02 	 2.30995e+02
1.52641e+02 	 2.19054e+02
1.41769e+02 	 2.24584e+02
1.57312e+02 	 2.33729e+02
1.49672e+02 	 2.33868e+02
1.52574e+02 	 2.17845e+02
1.51225e+02 	 2.36802e+02
1.56879e+02 	 2.45391e+02
1.46553e+02 	 2.36638e+02
1.52103e+02 	 2.24384e+02
1.64333e+02 	 2.39316e+02
1.55456e+02 	 2.28505e+02
1.52675e+02 	 2.31705e+02
1.50051e+02 	 2.33642e+02
1.41930e+02 	 2.41682e+02
1.46264e+02 	 2.13285e+02
1.49062e+02 	 2.35881e+02
1.47882e+02 	 2.47082e+02
1.44845e+02 	 2.16490e+02
1.47955e+02 	 2.15507e+02
1.48403e+02 	 2.31852e+02
1.45411e+02 	 2.14867e+02
1.51655e+02 	 2.06814e+02
1.49190e+02 	 2.26713e+02
1.48187e+02 	 2.41756e+02
1.45390e+02 	 2.20376e+02
1.50243e+02 	 2.28881e+02
1.55044e+02 	 2.23832e+02
1.49380e+02 	 2.30199e+02
1.48472e+02 	 2.44954e+02
1.61082e+02 	 2.28775e+02
1.48777e+02 	 2.20411e+02
1.57400e+02 	 2.30912e+02
1.42386e+02 	 2.30784e+02
1.61762e+02 	 2.41230e+02
1.54470e+02 	 2.29896e+02
1.39989e+02 	 2.26189e+02
1.69900e+02 	 2.19798e+02
1.51699e+02 	 2.39393e+02
1.59588e+02 	 2.25818e+02
1.52863e+02 	 2.30524e+02
1.37943e+02 	 2.30739e+02
1.54302e+02 	 2.30962e+02
1.60492e+02 	 2.43419e+02
1.53747e+02 	 2.21149e+02
1.52798e+02 	 2.40725e+02
1.51145e+02 	 2.28102e+02
1.57786e+02 	 2.38543e+02
1.59057e+02 	 2.22823e+02
1.39873e+02 	 2.22490e+02
1.64187e+02 	 2.26793e+02
1.69076e+02 	 2.42130e+02
1.46964e+02 	 2.20510e+02
1.42452e+02 	 2.31676e+02
1.48652e+02 	 2.11235e+02
1.63565e+02 	 2.34297e+02
1.66866e+02 	 2.27463e+02
1.53461e+02 	 2.17170e+02
1.40621e+02 	 2.26072e+02
1.57642e+02 	 2.30505e+02
1.53087e+02 	 2.13778e+02
1.57352e+02 	 2.33220e+02
1.62773e+02 	 2.39028e+02
1.51463e+02 	 2.33699e+02
