# Bin vel(km/s) disp(km/s) chi2/DOF dV dsigma
0 -2.997854158241516984e+02 3.787304291953307711e+02 7.548920159237266780e-01 8.622586680061003150e+00 8.387762499460141186e+00
1 -3.139643036479697003e+02 3.831773446360630260e+02 1.992082372315635119e+00 5.331662520095595603e+00 5.108810935321612234e+00
2 -3.150074228037007060e+02 3.771851790299708114e+02 2.308362720492695974e+00 4.289971691724205449e+00 4.226450839754016364e+00
3 -3.217619546509223483e+02 3.742142936157987378e+02 2.625963305567885264e+00 4.395396372832270693e+00 4.334161719194295159e+00
4 -3.170412871014343068e+02 3.647673814009643820e+02 2.849801503657581669e+00 4.506932924398011409e+00 4.403864779175767907e+00
5 -3.184623977529652734e+02 3.554873433270971077e+02 2.805000823314191649e+00 4.117168435338515842e+00 4.036724707288104952e+00
6 -3.179413351980638822e+02 3.472922629940411525e+02 3.125332535629573805e+00 4.107050596937464881e+00 4.000470843324165138e+00
7 -3.189819508684433345e+02 3.467539514459515431e+02 3.243748532179189237e+00 4.422013659551908837e+00 4.315071522003155913e+00
8 -3.164810172097083409e+02 3.399365044232560535e+02 3.225692253174980983e+00 4.141800492971548842e+00 4.028529776857332934e+00
9 -3.176765022884108589e+02 3.362455252246255668e+02 2.700565068570643934e+00 4.042082752836386739e+00 3.934452852150045921e+00
10 -3.189918063904211181e+02 3.267420748984110901e+02 2.639710010187134692e+00 4.138128153121487074e+00 4.023822698074535964e+00
11 -3.190731260076481703e+02 3.299111396776672791e+02 2.392504645422941500e+00 4.086307659067285769e+00 3.955188352861334522e+00
12 -3.192377140377142837e+02 3.270429331986692318e+02 2.479170843112239009e+00 3.965227258873156302e+00 3.844941140629943188e+00
13 -3.160157922297414643e+02 3.239948785346402360e+02 2.497933327951114002e+00 3.926815307689254020e+00 3.882685769744844695e+00
14 -3.069389765309309723e+02 3.324242833890604629e+02 2.491364754929054293e+00 4.497014731116763642e+00 4.368538943021664345e+00
15 -3.190278934757815819e+02 3.240353884562994153e+02 2.246324182691290972e+00 4.382127326360316211e+00 4.254284573368082967e+00
16 -3.135400175646120147e+02 3.182236983258655414e+02 2.360972974717436834e+00 4.183471383476845773e+00 4.063924273822509647e+00
17 -3.239973392521420692e+02 3.326994494593873810e+02 2.235154811596434588e+00 4.458979379743444049e+00 4.330869689152969215e+00
18 -3.125301057843815897e+02 3.282306759643143437e+02 2.122534874495524360e+00 4.314770020095604508e+00 4.109220459968423000e+00
19 -3.106085724629396054e+02 3.255898344288124804e+02 2.183359949624696483e+00 4.496566324906445367e+00 4.292679604478284894e+00
20 -3.162230057228323972e+02 3.253874711055503326e+02 1.886950484140866857e+00 4.489303819797950901e+00 4.352078052381051165e+00
21 -3.216963299355035133e+02 3.176676936217125444e+02 1.942149947776803831e+00 4.327600041526131314e+00 4.216945029281513158e+00
22 -3.151947091630767090e+02 3.148004411640326907e+02 1.962625356731495074e+00 4.382526542318728069e+00 4.235906887041393176e+00
23 -3.058910328829333594e+02 3.229376381641885700e+02 2.091739509013333720e+00 4.882686380226536116e+00 4.637884034140953737e+00
24 -3.199170286662129001e+02 3.147206099492930775e+02 2.118217605254269387e+00 4.739160722944101956e+00 4.538820149513632884e+00
25 -3.095303161837343282e+02 3.083560543476036173e+02 1.870019597524408717e+00 4.324176507178572493e+00 4.216656398581683618e+00
26 -3.101697556754324410e+02 3.077236820031719731e+02 1.795741433397594067e+00 4.532450549336122236e+00 4.385285711698527322e+00
27 -3.176292917726570408e+02 3.143933071644679558e+02 2.029124527715743032e+00 4.763606385103254404e+00 4.649003407737827054e+00
28 -3.094726618265144111e+02 3.090963207965027664e+02 2.046234328675653913e+00 4.776046063443541989e+00 4.629325127548673535e+00
29 -3.172236356108552400e+02 3.040090774564493472e+02 2.053316074191808394e+00 4.826270029666708261e+00 4.642361332863266021e+00
30 -3.177513364379838663e+02 3.065236579167029163e+02 2.006924090019072349e+00 5.107646406607416090e+00 4.909899138719780787e+00
31 -3.182478630198061182e+02 3.063516283652635366e+02 1.894622303510008265e+00 5.497681762200230082e+00 5.284328949478839910e+00
32 -3.188544374117648204e+02 2.994347471711787989e+02 1.810790110318575952e+00 5.059000411495935268e+00 4.872551467048072737e+00
33 -3.216823467424570708e+02 3.001088030183676096e+02 1.961624821333784352e+00 5.653849121058119209e+00 5.456188818390365292e+00
34 -3.136485079157516225e+02 3.013321171830800154e+02 1.654950128876190529e+00 5.412240476602495853e+00 5.252050800956305388e+00
35 -3.098066070609646658e+02 2.913981710908539071e+02 1.662164308742411611e+00 5.444570206062880224e+00 5.260520118114831334e+00
36 -3.200495588500680242e+02 2.986108985070304698e+02 1.622104028881059978e+00 5.997979582441988811e+00 5.685234914378769489e+00
37 -3.160461722006429000e+02 2.936449964236926462e+02 1.602949839637513696e+00 6.331520241402518678e+00 6.217375632388922213e+00
38 -3.241381319169142330e+02 2.859809861980399432e+02 1.578116191944257674e+00 7.106756569401305512e+00 7.105695973518771247e+00
39 -3.321505380537046221e+02 2.896957942044174956e+02 1.534255066559824687e+00 8.194214185072810963e+00 8.057151982016447889e+00
40 -3.190261607187794084e+02 2.783859154666427571e+02 1.334582193491350210e+00 7.776062070551222227e+00 7.583816050940269449e+00
41 -3.020669647395727679e+02 2.866605294179777275e+02 1.432220581291636208e+00 9.605679618716576940e+00 9.346258713875890578e+00
42 -2.826219749780983648e+02 2.934255158411627349e+02 1.499962076254805599e+00 1.062237101776775106e+01 1.038999269577942286e+01
43 -3.145218996527045192e+02 3.120057890604610407e+02 1.299366976643489657e+00 1.382621201256309718e+01 1.320545983295788695e+01
44 -2.868623114532791192e+02 3.175485858213163510e+02 1.336283473923828735e+00 1.573501440326412570e+01 1.461948993308794975e+01
45 -2.915735000169592013e+02 3.055144352243331127e+02 1.275742165142543127e+00 1.625006164353980509e+01 1.576552634498869665e+01
46 -2.868837677166943081e+02 2.711682993749332127e+02 1.408074489790387185e+00 1.689434682487034678e+01 1.717360403101241673e+01
47 -3.249010932638301483e+02 2.794614499235910330e+02 1.318020751815479175e+00 1.796887812835869269e+01 1.706707771692322950e+01
48 -3.120474337753004193e+02 2.916230330108238604e+02 1.294043730385161073e+00 2.190417589516787444e+01 2.118021832512986080e+01
49 -3.107891037256355276e+02 2.636391814179251583e+02 1.292512618116280931e+00 2.169357728458074419e+01 2.122374086521386616e+01
50 -3.276415826379877672e+02 2.723806456559353251e+02 1.325698597756981956e+00 3.467994914298033393e+01 3.392037284499100025e+01
