# Bin_id signal noise snr
0       2.198504e+03       4.470592e+01 4.917702102661132812e+01 
1       1.643221e+04       1.173426e+02 1.400361175537109375e+02 
2       2.499091e+04       1.449033e+02 1.724661254882812500e+02 
3       2.436501e+04       1.380428e+02 1.765032501220703125e+02 
4       2.560662e+04       1.435639e+02 1.783639221191406250e+02 
5       2.788921e+04       1.475597e+02 1.890029144287109375e+02 
6       3.021486e+04       1.530580e+02 1.974079284667968750e+02 
7       2.674887e+04       1.450724e+02 1.843829803466796875e+02 
8       2.894999e+04       1.483368e+02 1.951638793945312500e+02 
9       2.486055e+04       1.389042e+02 1.789762573242187500e+02 
10       2.274284e+04       1.353562e+02 1.680221557617187500e+02 
11       2.265860e+04       1.343697e+02 1.686287689208984375e+02 
12       2.370265e+04       1.376090e+02 1.722464141845703125e+02 
13       2.431595e+04       1.397775e+02 1.739618377685546875e+02 
14       2.058826e+04       1.317632e+02 1.562520446777343750e+02 
15       1.820633e+04       1.225907e+02 1.485131225585937500e+02 
16       2.008332e+04       1.292363e+02 1.554000701904296875e+02 
17       1.915375e+04       1.280383e+02 1.495939025878906250e+02 
18       1.880028e+04       1.263175e+02 1.488334960937500000e+02 
19       1.884773e+04       1.271482e+02 1.482343444824218750e+02 
20       1.679870e+04       1.226233e+02 1.369943695068359375e+02 
21       1.764139e+04       1.257148e+02 1.403286743164062500e+02 
22       1.682763e+04       1.219151e+02 1.380274200439453125e+02 
23       1.609998e+04       1.200272e+02 1.341360626220703125e+02 
24       1.677240e+04       1.229001e+02 1.364717712402343750e+02 
25       1.606463e+04       1.220135e+02 1.316627655029296875e+02 
26       1.451391e+04       1.184050e+02 1.225784988403320312e+02 
27       1.605321e+04       1.243852e+02 1.290604248046875000e+02 
28       1.497690e+04       1.215220e+02 1.232443237304687500e+02 
29       1.457436e+04       1.201936e+02 1.212573471069335938e+02 
30       1.391824e+04       1.172855e+02 1.186697998046875000e+02 
31       1.164267e+04       1.102958e+02 1.055585708618164062e+02 
32       1.253709e+04       1.140343e+02 1.099413223266601562e+02 
33       1.090094e+04       1.056624e+02 1.031676025390625000e+02 
34       1.000593e+04       1.029116e+02 9.722839355468750000e+01 
35       9.025470e+03       9.778224e+01 9.230172729492187500e+01 
36       8.249194e+03       9.383213e+01 8.791439056396484375e+01 
37       6.808275e+03       8.629230e+01 7.889783477783203125e+01 
38       5.594862e+03       7.890432e+01 7.090692138671875000e+01 
39       3.855058e+03       6.568719e+01 5.868812942504882812e+01 
40       3.697478e+03       6.594077e+01 5.607270431518554688e+01 
41       2.931552e+03       5.923151e+01 4.949311828613281250e+01 
42       2.117600e+03       4.991495e+01 4.242415618896484375e+01 
43       1.591749e+03       4.330485e+01 3.675682449340820312e+01 
44       1.268751e+03       3.938253e+01 3.221607589721679688e+01 
45       1.071974e+03       3.638370e+01 2.946303749084472656e+01 
46       8.791434e+02       3.260732e+01 2.696153450012207031e+01 
47       7.023812e+02       2.888935e+01 2.431280326843261719e+01 
48       5.408760e+02       2.632602e+01 2.054529953002929688e+01 
49       3.900013e+02       2.215903e+01 1.760010910034179688e+01 
50       2.527197e+02       1.820933e+01 1.387858676910400391e+01 
