# Bin_Id 	 Vel [km/s] 	 Vel Std 	 Sigma [km/s] 	 Sigma Std
0.000000000000000000e+00 1.405245287032713577e+02 9.599640797191320019e+00 2.455659951815812008e+02 9.938907631279205290e+00
1.000000000000000000e+00 1.458046835343776024e+02 6.295316381547078066e+00 2.370707508633587679e+02 6.155722725137561469e+00
2.000000000000000000e+00 1.533336341873192339e+02 7.476992338393828597e+00 2.424277070946319839e+02 6.938878509377432557e+00
3.000000000000000000e+00 1.476049429644736506e+02 6.338949310406259308e+00 2.495175670689132801e+02 7.065334135479721667e+00
4.000000000000000000e+00 1.481870832118533770e+02 6.586230943398128979e+00 2.323428767858407298e+02 7.054924256770939373e+00
5.000000000000000000e+00 1.508582477560405266e+02 5.616116043937750213e+00 2.271815450293694312e+02 6.277245817068183520e+00
6.000000000000000000e+00 1.421676328651807637e+02 1.016258191925654231e+01 2.282328917598962903e+02 8.588730444227481442e+00
7.000000000000000000e+00 1.511844868246147371e+02 5.727845617463864336e+00 2.355951666325026963e+02 5.496010604918351916e+00
8.000000000000000000e+00 1.523169607770318805e+02 5.775712091474089149e+00 2.380149668866385468e+02 6.605857986724738673e+00
9.000000000000000000e+00 1.477498839633640273e+02 7.810225616741171883e+00 2.491217788452023001e+02 9.699469463862440577e+00
1.000000000000000000e+01 1.595023901982781922e+02 9.567821574235173543e+00 2.425273551572616384e+02 1.229642150414501778e+01
1.100000000000000000e+01 1.309266805184758766e+02 9.897483885872206955e+00 2.256124713049516117e+02 9.075058123780806341e+00
1.200000000000000000e+01 1.545800083860195855e+02 8.561502540604365663e+00 2.377695271399979049e+02 1.017753355607216825e+01
1.300000000000000000e+01 1.596311387408274243e+02 8.952060446901317192e+00 2.426275933434438343e+02 1.011723044387025006e+01
1.400000000000000000e+01 1.462786596619783097e+02 5.646875173312670526e+00 2.475670629779795320e+02 5.577018360297911315e+00
1.500000000000000000e+01 1.532520084352136394e+02 6.409746826326292890e+00 1.872830525271398585e+02 6.378590762776289225e+00
1.600000000000000000e+01 1.821969979997854239e+02 5.711697963913620946e+00 2.479111648277041127e+02 6.572636498666269311e+00
