# Vel [km/s] 	 Disp [km/s]
1.32316e+02 	 2.39624e+02
1.43221e+02 	 2.35697e+02
1.24626e+02 	 2.46304e+02
1.49436e+02 	 2.34263e+02
1.40036e+02 	 2.42572e+02
1.46480e+02 	 2.49582e+02
1.36443e+02 	 2.32085e+02
1.46045e+02 	 2.35557e+02
1.48581e+02 	 2.30479e+02
1.44452e+02 	 2.31429e+02
1.48506e+02 	 2.35892e+02
1.32046e+02 	 2.41257e+02
1.49661e+02 	 2.39597e+02
1.48277e+02 	 2.32477e+02
1.39260e+02 	 2.38041e+02
1.50940e+02 	 2.47064e+02
1.35869e+02 	 2.26481e+02
1.36241e+02 	 2.46123e+02
1.40768e+02 	 2.26170e+02
1.43786e+02 	 2.50051e+02
1.34409e+02 	 2.29726e+02
1.49506e+02 	 2.38378e+02
1.40430e+02 	 2.33660e+02
1.41135e+02 	 2.43268e+02
1.42957e+02 	 2.33622e+02
1.35872e+02 	 2.41587e+02
1.43217e+02 	 2.39552e+02
1.34493e+02 	 2.29865e+02
1.38898e+02 	 2.32013e+02
1.34690e+02 	 2.47501e+02
1.44570e+02 	 2.33231e+02
1.39454e+02 	 2.39188e+02
1.38850e+02 	 2.35293e+02
1.29347e+02 	 2.38164e+02
1.36951e+02 	 2.29214e+02
1.43887e+02 	 2.39964e+02
1.35710e+02 	 2.30178e+02
1.39429e+02 	 2.37787e+02
1.39678e+02 	 2.34961e+02
1.50144e+02 	 2.27954e+02
1.38994e+02 	 2.30595e+02
1.42825e+02 	 2.39691e+02
1.33795e+02 	 2.41405e+02
1.42689e+02 	 2.31490e+02
1.55041e+02 	 2.34024e+02
1.34393e+02 	 2.34686e+02
1.45682e+02 	 2.41113e+02
1.39607e+02 	 2.44310e+02
1.40166e+02 	 2.32749e+02
1.36825e+02 	 2.46583e+02
1.45211e+02 	 2.42363e+02
1.39919e+02 	 2.38056e+02
1.45282e+02 	 2.34817e+02
1.54893e+02 	 2.32369e+02
1.45430e+02 	 2.38868e+02
1.38784e+02 	 2.41644e+02
1.33145e+02 	 2.33980e+02
1.41741e+02 	 2.29141e+02
1.43886e+02 	 2.44435e+02
1.40695e+02 	 2.41268e+02
1.37919e+02 	 2.37332e+02
1.47938e+02 	 2.36496e+02
1.50896e+02 	 2.30736e+02
1.33658e+02 	 2.43949e+02
1.38029e+02 	 2.44017e+02
1.46502e+02 	 2.53434e+02
1.43130e+02 	 2.36658e+02
1.33724e+02 	 2.34854e+02
1.44562e+02 	 2.30565e+02
1.38722e+02 	 2.33312e+02
1.27083e+02 	 2.46467e+02
1.53853e+02 	 2.28972e+02
1.40705e+02 	 2.37051e+02
1.48961e+02 	 2.38780e+02
1.43946e+02 	 2.41098e+02
1.47484e+02 	 2.34408e+02
1.47510e+02 	 2.35732e+02
1.35492e+02 	 2.22700e+02
1.30131e+02 	 2.21667e+02
1.33368e+02 	 2.32326e+02
1.45484e+02 	 2.26573e+02
1.43895e+02 	 2.40049e+02
1.41750e+02 	 2.46555e+02
1.43290e+02 	 2.19537e+02
1.43281e+02 	 2.26089e+02
1.35403e+02 	 2.35206e+02
1.40492e+02 	 2.24672e+02
1.50988e+02 	 2.39415e+02
1.40829e+02 	 2.37425e+02
1.43547e+02 	 2.43834e+02
1.38467e+02 	 2.39521e+02
1.55691e+02 	 2.37026e+02
1.42133e+02 	 2.43504e+02
1.42550e+02 	 2.55631e+02
1.41258e+02 	 2.33231e+02
1.41201e+02 	 2.36139e+02
1.30691e+02 	 2.36489e+02
1.41264e+02 	 2.46160e+02
1.46447e+02 	 2.37596e+02
1.30429e+02 	 2.39429e+02
1.31046e+02 	 2.32955e+02
1.38053e+02 	 2.36393e+02
1.41319e+02 	 2.44341e+02
1.49684e+02 	 2.47755e+02
1.49189e+02 	 2.36414e+02
1.32989e+02 	 2.32090e+02
1.36301e+02 	 2.32914e+02
1.35914e+02 	 2.24725e+02
1.36658e+02 	 2.46530e+02
1.38759e+02 	 2.58368e+02
1.39868e+02 	 2.39180e+02
1.48395e+02 	 2.31022e+02
1.41394e+02 	 2.27444e+02
1.46109e+02 	 2.41652e+02
1.44970e+02 	 2.38798e+02
1.40988e+02 	 2.34931e+02
1.38066e+02 	 2.42167e+02
1.52852e+02 	 2.35379e+02
1.50648e+02 	 2.45207e+02
1.38776e+02 	 2.30651e+02
1.38855e+02 	 2.34388e+02
1.45459e+02 	 2.36644e+02
1.38349e+02 	 2.42419e+02
1.36143e+02 	 2.42147e+02
1.38282e+02 	 2.43051e+02
1.42121e+02 	 2.28463e+02
1.33110e+02 	 2.29374e+02
1.35317e+02 	 2.33776e+02
1.49976e+02 	 2.37753e+02
1.42333e+02 	 2.47557e+02
1.41418e+02 	 2.38622e+02
1.44521e+02 	 2.20778e+02
1.44544e+02 	 2.28540e+02
1.42089e+02 	 2.45722e+02
1.58461e+02 	 2.34313e+02
1.33855e+02 	 2.34927e+02
1.43456e+02 	 2.34144e+02
1.37874e+02 	 2.37876e+02
1.36879e+02 	 2.47062e+02
1.47774e+02 	 2.37031e+02
1.24613e+02 	 2.36394e+02
1.38196e+02 	 2.31103e+02
1.43415e+02 	 2.33354e+02
1.40926e+02 	 2.28291e+02
1.35891e+02 	 2.41939e+02
1.39137e+02 	 2.26842e+02
1.39088e+02 	 2.47784e+02
1.33676e+02 	 2.35412e+02
1.52161e+02 	 2.28819e+02
1.42691e+02 	 2.32673e+02
1.36013e+02 	 2.23996e+02
1.36266e+02 	 2.33840e+02
1.50676e+02 	 2.40163e+02
1.41916e+02 	 2.35069e+02
1.41341e+02 	 2.32562e+02
1.32491e+02 	 2.38322e+02
1.46333e+02 	 2.40006e+02
1.38871e+02 	 2.26739e+02
1.42831e+02 	 2.35116e+02
1.46302e+02 	 2.37196e+02
1.40866e+02 	 2.38670e+02
1.49341e+02 	 2.38986e+02
1.44714e+02 	 2.48203e+02
1.36946e+02 	 2.45648e+02
1.36199e+02 	 2.35417e+02
1.46908e+02 	 2.42270e+02
1.31754e+02 	 2.30248e+02
1.42564e+02 	 2.44081e+02
1.41037e+02 	 2.42057e+02
1.53384e+02 	 2.33403e+02
1.41610e+02 	 2.40094e+02
1.44059e+02 	 2.44087e+02
1.31112e+02 	 2.32700e+02
1.43334e+02 	 2.34901e+02
1.42424e+02 	 2.53911e+02
1.41740e+02 	 2.29926e+02
1.45104e+02 	 2.45251e+02
1.44603e+02 	 2.30949e+02
1.41533e+02 	 2.33022e+02
1.42823e+02 	 2.40349e+02
1.43562e+02 	 2.42859e+02
1.38203e+02 	 2.30729e+02
1.45397e+02 	 2.39313e+02
1.40019e+02 	 2.35559e+02
1.44954e+02 	 2.36157e+02
1.52265e+02 	 2.26271e+02
1.51773e+02 	 2.39403e+02
1.49642e+02 	 2.36463e+02
1.44743e+02 	 2.38926e+02
1.44846e+02 	 2.37053e+02
1.48243e+02 	 2.29840e+02
1.54304e+02 	 2.35141e+02
1.25832e+02 	 2.45029e+02
1.31450e+02 	 2.33368e+02
1.40582e+02 	 2.24106e+02
1.40663e+02 	 2.30228e+02
1.47336e+02 	 2.22181e+02
1.31390e+02 	 2.37045e+02
1.46776e+02 	 2.35313e+02
1.47909e+02 	 2.42742e+02
