# Bin_id signal noise snr
0       2.755953e+02       7.088622e+00 3.887854766845703125e+01 
1       6.918853e+02       1.218603e+01 5.677690505981445312e+01 
2       8.363164e+02       1.520315e+01 5.500941848754882812e+01 
3       6.791151e+02       1.592288e+01 4.265027236938476562e+01 
4       6.811112e+02       1.885998e+01 3.611410140991210938e+01 
5       4.768653e+02       1.881348e+01 2.534700584411621094e+01 
6       4.265722e+02       2.053190e+01 2.077607345581054688e+01 
7       3.398048e+02       2.103529e+01 1.615403747558593750e+01 
8       3.333823e+02       2.382558e+01 1.399262237548828125e+01 
9       1.850083e+02       1.968164e+01 9.400045394897460938e+00 
10       6.946650e+00       3.940158e+00 1.763038516044616699e+00 
