# Vel [km/s] 	 Disp [km/s]
1.37367e+02 	 2.22366e+02
1.40510e+02 	 2.17462e+02
1.44304e+02 	 2.18011e+02
1.49855e+02 	 2.34049e+02
1.37149e+02 	 2.21465e+02
1.51921e+02 	 2.19408e+02
1.45027e+02 	 2.22554e+02
1.37061e+02 	 2.37072e+02
1.33759e+02 	 2.25778e+02
1.45202e+02 	 2.18761e+02
1.43554e+02 	 2.29003e+02
1.45346e+02 	 2.24324e+02
1.40729e+02 	 2.32050e+02
1.38503e+02 	 2.31050e+02
1.34134e+02 	 2.42872e+02
1.47490e+02 	 2.25248e+02
1.46704e+02 	 2.18918e+02
1.39186e+02 	 2.23779e+02
1.40435e+02 	 2.33075e+02
1.30642e+02 	 2.20633e+02
1.37050e+02 	 2.31648e+02
1.51452e+02 	 2.24736e+02
1.44970e+02 	 2.41478e+02
1.33384e+02 	 2.24080e+02
1.41729e+02 	 2.49317e+02
1.42909e+02 	 2.34157e+02
1.48306e+02 	 2.19808e+02
1.43048e+02 	 2.23470e+02
1.44770e+02 	 2.26144e+02
1.50548e+02 	 2.29218e+02
1.50877e+02 	 2.37446e+02
1.48558e+02 	 2.21858e+02
1.52694e+02 	 2.37625e+02
1.34183e+02 	 2.19068e+02
1.33010e+02 	 2.27213e+02
1.43256e+02 	 2.19826e+02
1.38858e+02 	 2.25398e+02
1.44040e+02 	 2.34331e+02
1.45481e+02 	 2.22609e+02
1.50092e+02 	 2.29287e+02
1.40218e+02 	 2.30806e+02
1.50066e+02 	 2.26636e+02
1.42551e+02 	 2.25763e+02
1.45757e+02 	 2.30417e+02
1.39790e+02 	 2.34955e+02
1.37292e+02 	 2.17201e+02
1.45314e+02 	 2.41033e+02
1.45278e+02 	 2.30580e+02
1.42709e+02 	 2.32405e+02
1.26866e+02 	 2.24377e+02
1.45924e+02 	 2.25401e+02
1.43291e+02 	 2.17126e+02
1.54906e+02 	 2.18746e+02
1.43813e+02 	 2.22220e+02
1.38045e+02 	 2.30067e+02
1.43100e+02 	 2.32859e+02
1.36951e+02 	 2.23739e+02
1.40402e+02 	 2.29912e+02
1.38369e+02 	 2.23837e+02
1.33181e+02 	 2.31612e+02
1.37866e+02 	 2.24657e+02
1.33569e+02 	 2.18523e+02
1.43483e+02 	 2.32335e+02
1.38414e+02 	 2.23215e+02
1.30933e+02 	 2.31493e+02
1.37938e+02 	 2.24243e+02
1.36921e+02 	 2.24477e+02
1.43230e+02 	 2.24913e+02
1.48439e+02 	 2.27730e+02
1.41864e+02 	 2.27491e+02
1.49781e+02 	 2.16716e+02
1.38184e+02 	 2.20096e+02
1.36958e+02 	 2.30735e+02
1.39122e+02 	 2.30268e+02
1.33290e+02 	 2.31011e+02
1.43216e+02 	 2.20377e+02
1.25605e+02 	 2.28804e+02
1.46823e+02 	 2.32153e+02
1.45424e+02 	 2.27329e+02
1.47786e+02 	 2.35276e+02
1.50524e+02 	 2.27853e+02
1.32026e+02 	 2.22845e+02
1.60282e+02 	 2.31210e+02
1.31503e+02 	 2.35580e+02
1.45969e+02 	 2.29030e+02
1.45206e+02 	 2.23854e+02
1.52601e+02 	 2.23697e+02
1.48389e+02 	 2.35467e+02
1.34400e+02 	 2.33249e+02
1.36106e+02 	 2.24673e+02
1.48954e+02 	 2.23647e+02
1.46157e+02 	 2.17943e+02
1.33289e+02 	 2.23210e+02
1.50277e+02 	 2.17700e+02
1.48345e+02 	 2.32251e+02
1.41410e+02 	 2.30178e+02
1.32629e+02 	 2.29275e+02
1.33525e+02 	 2.17948e+02
1.40312e+02 	 2.39076e+02
1.39212e+02 	 2.12897e+02
1.48503e+02 	 2.31105e+02
1.35907e+02 	 2.29966e+02
1.49610e+02 	 2.25603e+02
1.46968e+02 	 2.26968e+02
1.39041e+02 	 2.33558e+02
1.36301e+02 	 2.23033e+02
1.47053e+02 	 2.29841e+02
1.30097e+02 	 2.38961e+02
1.43499e+02 	 2.27542e+02
1.42109e+02 	 2.22592e+02
1.48325e+02 	 2.29813e+02
1.37602e+02 	 2.31201e+02
1.38539e+02 	 2.33832e+02
1.31631e+02 	 2.16070e+02
1.32290e+02 	 2.25010e+02
1.40927e+02 	 2.24835e+02
1.47645e+02 	 2.29067e+02
1.53340e+02 	 2.17872e+02
1.41484e+02 	 2.17408e+02
1.43641e+02 	 2.22739e+02
1.30727e+02 	 2.31743e+02
1.51893e+02 	 2.22703e+02
1.39644e+02 	 2.17551e+02
1.32728e+02 	 2.33272e+02
1.46455e+02 	 2.25158e+02
1.47358e+02 	 2.31243e+02
1.47059e+02 	 2.19986e+02
1.34270e+02 	 2.32290e+02
1.52139e+02 	 2.26572e+02
1.34623e+02 	 2.14514e+02
1.37113e+02 	 2.30232e+02
1.36195e+02 	 2.23154e+02
1.36105e+02 	 2.31151e+02
1.43691e+02 	 2.20868e+02
1.34859e+02 	 2.28383e+02
1.51192e+02 	 2.30022e+02
1.29591e+02 	 2.18460e+02
1.35923e+02 	 2.23458e+02
1.34850e+02 	 2.19966e+02
1.49944e+02 	 2.24144e+02
1.52013e+02 	 2.22179e+02
1.50543e+02 	 2.17646e+02
1.41416e+02 	 2.35108e+02
1.53946e+02 	 2.36308e+02
1.39372e+02 	 2.23912e+02
1.34956e+02 	 2.32062e+02
1.40335e+02 	 2.26948e+02
1.43629e+02 	 2.31105e+02
1.51232e+02 	 2.28312e+02
1.37408e+02 	 2.33062e+02
1.43810e+02 	 2.30969e+02
1.48546e+02 	 2.29062e+02
1.38042e+02 	 2.38475e+02
1.28068e+02 	 2.25598e+02
1.45331e+02 	 2.30647e+02
1.52856e+02 	 2.28346e+02
1.38322e+02 	 2.21862e+02
1.52681e+02 	 2.19375e+02
1.35531e+02 	 2.17749e+02
1.40305e+02 	 2.22804e+02
1.44952e+02 	 2.30473e+02
1.43375e+02 	 2.24208e+02
1.48858e+02 	 2.24947e+02
1.45627e+02 	 2.24763e+02
1.28077e+02 	 2.16276e+02
1.34968e+02 	 2.18655e+02
1.52942e+02 	 2.28012e+02
1.43915e+02 	 2.28236e+02
1.42908e+02 	 2.36010e+02
1.31493e+02 	 2.27521e+02
1.28296e+02 	 2.31256e+02
1.53517e+02 	 2.33373e+02
1.31992e+02 	 2.20920e+02
1.23867e+02 	 2.28878e+02
1.36717e+02 	 2.22095e+02
1.41732e+02 	 2.13741e+02
1.44764e+02 	 2.30648e+02
1.50908e+02 	 2.35401e+02
1.51313e+02 	 2.41296e+02
1.43774e+02 	 2.07042e+02
1.45118e+02 	 2.16808e+02
1.49954e+02 	 2.19516e+02
1.35593e+02 	 2.28580e+02
1.43919e+02 	 2.24362e+02
1.29574e+02 	 2.20331e+02
1.29345e+02 	 2.21359e+02
1.41646e+02 	 2.22593e+02
1.42368e+02 	 2.26698e+02
1.38819e+02 	 2.19422e+02
1.46716e+02 	 2.21950e+02
1.40483e+02 	 2.19945e+02
1.34461e+02 	 2.24322e+02
1.36975e+02 	 2.26703e+02
1.40700e+02 	 2.20720e+02
1.42706e+02 	 2.16636e+02
1.42935e+02 	 2.22638e+02
1.45199e+02 	 2.37918e+02
1.36987e+02 	 2.22870e+02
1.48195e+02 	 2.12395e+02
1.42869e+02 	 2.28292e+02
