# Vel [km/s] 	 Disp [km/s]
1.72245e+02 	 2.48147e+02
1.73264e+02 	 2.68049e+02
1.79954e+02 	 2.39446e+02
1.85935e+02 	 2.43812e+02
1.83310e+02 	 2.51497e+02
1.78997e+02 	 2.34324e+02
1.91014e+02 	 2.48420e+02
2.09012e+02 	 2.58445e+02
1.54775e+02 	 2.36945e+02
2.10001e+02 	 2.45548e+02
1.71859e+02 	 2.63481e+02
1.82041e+02 	 2.54334e+02
1.81459e+02 	 2.50147e+02
1.83460e+02 	 2.47434e+02
1.86050e+02 	 2.56391e+02
1.73393e+02 	 2.41102e+02
1.63722e+02 	 2.55687e+02
1.77026e+02 	 2.36746e+02
1.86560e+02 	 2.33611e+02
1.95998e+02 	 2.65975e+02
1.92806e+02 	 2.41646e+02
1.70378e+02 	 2.33112e+02
1.77736e+02 	 2.77249e+02
1.71589e+02 	 2.22808e+02
1.68198e+02 	 2.65724e+02
1.94245e+02 	 2.38240e+02
1.96805e+02 	 2.37821e+02
2.00935e+02 	 2.33743e+02
1.76509e+02 	 2.41626e+02
1.92895e+02 	 2.36019e+02
1.74524e+02 	 2.48604e+02
1.87859e+02 	 2.61168e+02
1.96078e+02 	 2.31712e+02
1.87214e+02 	 2.41223e+02
1.98141e+02 	 2.51801e+02
1.67894e+02 	 2.39187e+02
1.83226e+02 	 2.31178e+02
1.87511e+02 	 2.42303e+02
1.64571e+02 	 2.49316e+02
1.88293e+02 	 2.53686e+02
1.76692e+02 	 2.34817e+02
1.79457e+02 	 2.18923e+02
1.98431e+02 	 2.35524e+02
1.92872e+02 	 2.40763e+02
1.90677e+02 	 2.45994e+02
1.77878e+02 	 2.58610e+02
1.89203e+02 	 2.64528e+02
1.76915e+02 	 2.40842e+02
1.80763e+02 	 2.52125e+02
1.73387e+02 	 2.37604e+02
1.77630e+02 	 2.53048e+02
1.60207e+02 	 2.24055e+02
1.70698e+02 	 2.41431e+02
1.84392e+02 	 2.41374e+02
1.95166e+02 	 2.63751e+02
1.90679e+02 	 2.37740e+02
1.86537e+02 	 2.46441e+02
2.12191e+02 	 2.54475e+02
1.74685e+02 	 2.56944e+02
1.84406e+02 	 2.44316e+02
1.80029e+02 	 2.54986e+02
1.86334e+02 	 2.59592e+02
1.90645e+02 	 2.53775e+02
1.86567e+02 	 2.43636e+02
1.92860e+02 	 2.42025e+02
1.85527e+02 	 2.35868e+02
1.95592e+02 	 2.48164e+02
1.86184e+02 	 2.25221e+02
1.99561e+02 	 2.42695e+02
1.93826e+02 	 2.31827e+02
1.91167e+02 	 2.44079e+02
1.91944e+02 	 2.29688e+02
1.84788e+02 	 2.60673e+02
1.84400e+02 	 2.75685e+02
1.92745e+02 	 2.63086e+02
2.02817e+02 	 2.44393e+02
1.78107e+02 	 2.47578e+02
1.99806e+02 	 2.40345e+02
1.54762e+02 	 2.48089e+02
2.15487e+02 	 2.54712e+02
1.89239e+02 	 2.19641e+02
1.74984e+02 	 2.56476e+02
1.89559e+02 	 2.51066e+02
1.87654e+02 	 2.52378e+02
1.94874e+02 	 2.41261e+02
1.83200e+02 	 2.54015e+02
1.93442e+02 	 2.36703e+02
1.71161e+02 	 2.38101e+02
1.71720e+02 	 2.50725e+02
1.98796e+02 	 2.55625e+02
1.68618e+02 	 2.71642e+02
1.78888e+02 	 2.44043e+02
1.87419e+02 	 2.52140e+02
1.63301e+02 	 2.57327e+02
1.92571e+02 	 2.52808e+02
1.88532e+02 	 2.38283e+02
1.84893e+02 	 2.63238e+02
1.84702e+02 	 2.64744e+02
1.63956e+02 	 2.71081e+02
1.79331e+02 	 2.54379e+02
1.69347e+02 	 2.67595e+02
1.63646e+02 	 2.62630e+02
1.88919e+02 	 2.44981e+02
1.94022e+02 	 2.50989e+02
2.00229e+02 	 2.55243e+02
1.69039e+02 	 2.68975e+02
1.77033e+02 	 2.55165e+02
1.70478e+02 	 2.58238e+02
2.05294e+02 	 2.45949e+02
1.62297e+02 	 2.56323e+02
1.82199e+02 	 2.52324e+02
1.88443e+02 	 2.68543e+02
1.86045e+02 	 2.42946e+02
1.89770e+02 	 2.52300e+02
1.87210e+02 	 2.53713e+02
1.76524e+02 	 2.50183e+02
1.77435e+02 	 2.43582e+02
1.84170e+02 	 2.33249e+02
1.79064e+02 	 2.43065e+02
2.09636e+02 	 2.44995e+02
1.86172e+02 	 2.71192e+02
1.79645e+02 	 2.33832e+02
1.80858e+02 	 2.38284e+02
1.91080e+02 	 2.46288e+02
1.98551e+02 	 2.26105e+02
2.04275e+02 	 2.53711e+02
1.83233e+02 	 2.45103e+02
1.48500e+02 	 2.47080e+02
1.86683e+02 	 2.61088e+02
1.93689e+02 	 2.65419e+02
1.97028e+02 	 2.57374e+02
1.78986e+02 	 2.39922e+02
1.76569e+02 	 2.46908e+02
1.68981e+02 	 2.60723e+02
1.66164e+02 	 2.38162e+02
1.87807e+02 	 2.41457e+02
1.87800e+02 	 2.40667e+02
1.89166e+02 	 2.66077e+02
1.92645e+02 	 2.36969e+02
1.81852e+02 	 2.40383e+02
1.74026e+02 	 2.43053e+02
1.95445e+02 	 2.58438e+02
1.87694e+02 	 2.28440e+02
1.72955e+02 	 2.41254e+02
1.87365e+02 	 2.36249e+02
2.00770e+02 	 2.57545e+02
1.88512e+02 	 2.51456e+02
1.92392e+02 	 2.43809e+02
1.95283e+02 	 2.64365e+02
1.90333e+02 	 2.71596e+02
1.87749e+02 	 2.45445e+02
1.91172e+02 	 2.46061e+02
1.91319e+02 	 2.47201e+02
1.97560e+02 	 2.52746e+02
1.92048e+02 	 2.46820e+02
1.82295e+02 	 2.51948e+02
1.77246e+02 	 2.46522e+02
1.87234e+02 	 2.45943e+02
1.82911e+02 	 2.68365e+02
1.94065e+02 	 2.56447e+02
1.99634e+02 	 2.49306e+02
1.51410e+02 	 2.47699e+02
1.77948e+02 	 2.55139e+02
1.97908e+02 	 2.49332e+02
1.75694e+02 	 2.33067e+02
1.95280e+02 	 2.40179e+02
2.03169e+02 	 2.55460e+02
1.83189e+02 	 2.52563e+02
1.75880e+02 	 2.47275e+02
2.00178e+02 	 2.56948e+02
1.84914e+02 	 2.37728e+02
1.73622e+02 	 2.58981e+02
1.89405e+02 	 2.40544e+02
1.75818e+02 	 2.54999e+02
1.88680e+02 	 2.46164e+02
1.96325e+02 	 2.42254e+02
2.08737e+02 	 2.53614e+02
1.90049e+02 	 2.49550e+02
1.79407e+02 	 2.70236e+02
1.68731e+02 	 2.69208e+02
1.99536e+02 	 2.54261e+02
1.73047e+02 	 2.49096e+02
2.01835e+02 	 2.46144e+02
1.67000e+02 	 2.57218e+02
1.74166e+02 	 2.58941e+02
1.71384e+02 	 2.40432e+02
1.79921e+02 	 2.74410e+02
1.78470e+02 	 2.50460e+02
1.82248e+02 	 2.41262e+02
1.90162e+02 	 2.55623e+02
1.86687e+02 	 2.46835e+02
1.88346e+02 	 2.45859e+02
2.12780e+02 	 2.63809e+02
2.11010e+02 	 2.60134e+02
1.84691e+02 	 2.48856e+02
1.94152e+02 	 2.33744e+02
2.14825e+02 	 2.61912e+02
1.88061e+02 	 2.63194e+02
1.47580e+02 	 2.38248e+02
1.92825e+02 	 2.38364e+02
