# Vel [km/s] 	 Disp [km/s]
1.62182e+02 	 2.66969e+02
1.47439e+02 	 2.45573e+02
1.34907e+02 	 2.37393e+02
1.65336e+02 	 2.52932e+02
1.49335e+02 	 2.52072e+02
1.54347e+02 	 2.62995e+02
1.29764e+02 	 2.63069e+02
1.47220e+02 	 2.61948e+02
1.62140e+02 	 2.51581e+02
1.59309e+02 	 2.50468e+02
1.40584e+02 	 2.37072e+02
1.43418e+02 	 2.51519e+02
1.40092e+02 	 2.33929e+02
1.41100e+02 	 2.44390e+02
1.67525e+02 	 2.53440e+02
1.54831e+02 	 2.75651e+02
1.30734e+02 	 2.45028e+02
1.67736e+02 	 2.56623e+02
1.49087e+02 	 2.43377e+02
1.57779e+02 	 2.45256e+02
1.51405e+02 	 2.56632e+02
1.37592e+02 	 2.78274e+02
1.54981e+02 	 2.32099e+02
1.44907e+02 	 2.62676e+02
1.53826e+02 	 2.60809e+02
1.59767e+02 	 2.64317e+02
1.35026e+02 	 2.59905e+02
1.38670e+02 	 2.70290e+02
1.62529e+02 	 2.67091e+02
1.69635e+02 	 2.56027e+02
1.48482e+02 	 2.58759e+02
1.65963e+02 	 2.47804e+02
1.63821e+02 	 2.36481e+02
1.49139e+02 	 2.61180e+02
1.43179e+02 	 2.64576e+02
1.42721e+02 	 2.35898e+02
1.53542e+02 	 2.42402e+02
1.57169e+02 	 2.42736e+02
1.31053e+02 	 2.47456e+02
1.53032e+02 	 2.36591e+02
1.64684e+02 	 2.65462e+02
1.30869e+02 	 2.48257e+02
1.36643e+02 	 2.62798e+02
1.51229e+02 	 2.83240e+02
1.47823e+02 	 2.53312e+02
1.41140e+02 	 2.58496e+02
1.36557e+02 	 2.65670e+02
1.48925e+02 	 2.43184e+02
1.70339e+02 	 2.64528e+02
1.67395e+02 	 2.51809e+02
1.34930e+02 	 2.55101e+02
1.54720e+02 	 2.55110e+02
1.55068e+02 	 2.52290e+02
1.60962e+02 	 2.61507e+02
1.33794e+02 	 2.44143e+02
1.51817e+02 	 2.54166e+02
1.46365e+02 	 2.57222e+02
1.39083e+02 	 2.57267e+02
1.56081e+02 	 2.49515e+02
1.50985e+02 	 2.64317e+02
1.49518e+02 	 2.57526e+02
1.56830e+02 	 2.49879e+02
1.50648e+02 	 2.59419e+02
1.80166e+02 	 2.64161e+02
1.71899e+02 	 2.53459e+02
1.51498e+02 	 2.71402e+02
1.55084e+02 	 2.61699e+02
1.52017e+02 	 2.61821e+02
1.59572e+02 	 2.55522e+02
1.38992e+02 	 2.49305e+02
1.44336e+02 	 2.68440e+02
1.45836e+02 	 2.57665e+02
1.65529e+02 	 2.56268e+02
1.52156e+02 	 2.49631e+02
1.53337e+02 	 2.54024e+02
1.64051e+02 	 2.55491e+02
1.56781e+02 	 2.47041e+02
1.49775e+02 	 2.75866e+02
1.47680e+02 	 2.52202e+02
1.46647e+02 	 2.63198e+02
1.66873e+02 	 2.53236e+02
1.55836e+02 	 2.56403e+02
1.55348e+02 	 2.53537e+02
1.50120e+02 	 2.35776e+02
1.32744e+02 	 2.62861e+02
1.64541e+02 	 2.49513e+02
1.55989e+02 	 2.50054e+02
1.64399e+02 	 2.68440e+02
1.50286e+02 	 2.47648e+02
1.51952e+02 	 2.73030e+02
1.69281e+02 	 2.55318e+02
1.53244e+02 	 2.38349e+02
1.71294e+02 	 2.49266e+02
1.58794e+02 	 2.75378e+02
1.55700e+02 	 2.55380e+02
1.47984e+02 	 2.53263e+02
1.67134e+02 	 2.60491e+02
1.44702e+02 	 2.24816e+02
1.32695e+02 	 2.59522e+02
1.24612e+02 	 2.46637e+02
1.45932e+02 	 2.59483e+02
1.47706e+02 	 2.58979e+02
1.38177e+02 	 2.78401e+02
1.26855e+02 	 2.50488e+02
1.49951e+02 	 2.66579e+02
1.53833e+02 	 2.58070e+02
1.36085e+02 	 2.61223e+02
1.58180e+02 	 2.56074e+02
1.35057e+02 	 2.47804e+02
1.68149e+02 	 2.45842e+02
1.70012e+02 	 2.37845e+02
1.50498e+02 	 2.50655e+02
1.40104e+02 	 2.49002e+02
1.64002e+02 	 2.58879e+02
1.68098e+02 	 2.48224e+02
1.65422e+02 	 2.29966e+02
1.71572e+02 	 2.46084e+02
1.65283e+02 	 2.36643e+02
1.58210e+02 	 2.59679e+02
1.65209e+02 	 2.64238e+02
1.58377e+02 	 2.46991e+02
1.67854e+02 	 2.50877e+02
1.55994e+02 	 2.43122e+02
1.50847e+02 	 2.65322e+02
1.45086e+02 	 2.60787e+02
1.60029e+02 	 2.59656e+02
1.35392e+02 	 2.59691e+02
1.43058e+02 	 2.56455e+02
1.51807e+02 	 2.56998e+02
1.60767e+02 	 2.60418e+02
1.49525e+02 	 2.43557e+02
1.56739e+02 	 2.45733e+02
1.40924e+02 	 2.46500e+02
1.39715e+02 	 2.65066e+02
1.23664e+02 	 2.43247e+02
1.73006e+02 	 2.81116e+02
1.44005e+02 	 2.55492e+02
1.54419e+02 	 2.72576e+02
1.54951e+02 	 2.65772e+02
1.36320e+02 	 2.64748e+02
1.33203e+02 	 2.46174e+02
1.40963e+02 	 2.51694e+02
1.40235e+02 	 2.48734e+02
1.43041e+02 	 2.54905e+02
1.51384e+02 	 2.32555e+02
1.60825e+02 	 2.61743e+02
1.55413e+02 	 2.57814e+02
1.68544e+02 	 2.34300e+02
1.36741e+02 	 2.60303e+02
1.48323e+02 	 2.67622e+02
1.62770e+02 	 2.53609e+02
1.44144e+02 	 2.75633e+02
1.36747e+02 	 2.54405e+02
1.40920e+02 	 2.54479e+02
1.51923e+02 	 2.47209e+02
1.64293e+02 	 2.41249e+02
1.55866e+02 	 2.66409e+02
1.33381e+02 	 2.59708e+02
1.38711e+02 	 2.39081e+02
1.36768e+02 	 2.51422e+02
1.53251e+02 	 2.43639e+02
1.58238e+02 	 2.57826e+02
1.68558e+02 	 2.44594e+02
1.42174e+02 	 2.54886e+02
1.46536e+02 	 2.65680e+02
1.75367e+02 	 2.36566e+02
1.40065e+02 	 2.43201e+02
1.42193e+02 	 2.38071e+02
1.65960e+02 	 2.59120e+02
1.45433e+02 	 2.63140e+02
1.53446e+02 	 2.81697e+02
1.56731e+02 	 2.70898e+02
1.54443e+02 	 2.58958e+02
1.46387e+02 	 2.66977e+02
1.64970e+02 	 2.51519e+02
1.58395e+02 	 2.73212e+02
1.56571e+02 	 2.47009e+02
1.51076e+02 	 2.52694e+02
1.41787e+02 	 2.62283e+02
1.66940e+02 	 2.57752e+02
1.61938e+02 	 2.61892e+02
1.58923e+02 	 2.67682e+02
1.37638e+02 	 2.65393e+02
1.51514e+02 	 2.52300e+02
1.60363e+02 	 2.64218e+02
1.51015e+02 	 2.55500e+02
1.61591e+02 	 2.65348e+02
1.46439e+02 	 2.54422e+02
1.59618e+02 	 2.69072e+02
1.48457e+02 	 2.34055e+02
1.49713e+02 	 2.57047e+02
1.47726e+02 	 2.63830e+02
1.43244e+02 	 2.39128e+02
1.53658e+02 	 2.67492e+02
1.50337e+02 	 2.69225e+02
1.47376e+02 	 2.54589e+02
1.52672e+02 	 2.60669e+02
1.38395e+02 	 2.68891e+02
1.65033e+02 	 2.57415e+02
1.43401e+02 	 2.59764e+02
