# Bin_Id 	 Mean Vel [km/s] 	 Vel Std 	 Mean Sigma [km/s] 	 Sigma Std
0.000000000000000000e+00 1.407166449999999998e+02 1.160855702440983883e+01 2.582503300000000195e+02 1.433125072947577650e+01
1.000000000000000000e+00 1.481798634999999820e+02 1.654462858307244488e+01 2.119539949999999919e+02 1.738872201845135734e+01
2.000000000000000000e+00 1.307851799999999969e+02 9.924915770806320481e+00 2.139381349999999600e+02 1.226299728886763774e+01
3.000000000000000000e+00 1.398748240000000180e+02 1.765747311172309253e+01 2.401009400000000085e+02 1.998208217219616856e+01
4.000000000000000000e+00 1.430170794999999941e+02 1.522642363773350915e+01 2.064592700000000036e+02 1.763613326829608496e+01
5.000000000000000000e+00 1.497377600000000086e+02 1.121305150047925103e+01 2.401054199999999810e+02 1.190672664016437565e+01
6.000000000000000000e+00 1.222291104999999902e+02 1.457937702972043148e+01 2.122068500000000029e+02 1.878660527576762362e+01
7.000000000000000000e+00 1.306961799999999982e+02 1.240383146320522911e+01 2.259874200000000144e+02 1.254630297910902392e+01
8.000000000000000000e+00 1.731763599999999883e+02 1.746760521967450330e+01 2.249233649999999898e+02 2.360479489810862930e+01
9.000000000000000000e+00 1.390197249999999940e+02 1.317695756612181590e+01 2.372781300000000329e+02 1.594155906845688797e+01
1.000000000000000000e+01 1.397811800000000062e+02 1.188514044080253917e+01 2.559378149999999721e+02 1.396440850987878335e+01
1.100000000000000000e+01 1.505066449999999918e+02 1.572910965086628643e+01 2.128335549999999898e+02 1.876169516320353736e+01
